### HI in the MW. Data from Marasco, Fraternali, van der Hulst and Oosterloo 2017 ###
#1) Radius [kpc]
#2) Rotation velocity [km/s]
#3) Velocity dispersion [km/s]
#4) Density on the midplane [cm-3]
#5) Scale-height (FWHM) [kpc]
#6) Surface density [Msun/pc2]
#7) Error on rotation vel. [km/s]
#8) Error on velocity disp. [km/s]
#9) Error on midplane density [cm-3]
#10) Error on scale-height [kpc]
#11) Error on surf. dens. [Msun/pc2]
     0.050    193.195     27.904      2.119      0.097     10.752     7.4663     1.8696     0.2764     0.0070     1.6019
     0.250    223.709     20.113      0.846      0.091      4.064     1.6809     2.4160     0.0863     0.0034     0.4419
     0.450    248.832     19.637      0.237      0.099      1.236     4.5990     1.3871     0.0324     0.0030     0.1731
     0.650    254.504     15.698      0.147      0.125      0.964     4.7024     1.7115     0.0305     0.0069     0.2069
     0.850    232.795     16.109      0.170      0.158      1.411     7.9383     2.4189     0.0649     0.0136     0.5531
     1.050    221.121     14.452      0.111      0.131      0.764     3.8425     3.4798     0.0462     0.0138     0.3290
     1.250    232.339     10.799      0.080      0.110      0.460     5.7016     2.0461     0.0178     0.0050     0.1052
     1.450    232.210      8.761      0.063      0.104      0.343     6.1383     1.5140     0.0170     0.0058     0.0950
     1.650    224.043     10.812      0.058      0.118      0.361     5.6771     2.8312     0.0224     0.0062     0.1394
     1.850    208.379     11.363      0.097      0.108      0.549     7.7132     3.2278     0.0437     0.0082     0.2504
     2.050    209.009     12.702      0.131      0.104      0.713     6.4676     3.7223     0.0580     0.0106     0.3238
     2.250    216.502     10.094      0.126      0.109      0.721     7.0093     2.9921     0.0662     0.0106     0.3859
     2.450    210.356     10.176      0.202      0.122      1.290     3.9668     2.5244     0.0606     0.0168     0.4267
     2.650    209.834      8.820      0.219      0.143      1.641     2.2934     2.0769     0.0851     0.0245     0.6979
     2.850    210.722      8.327      0.250      0.202      2.657     1.7787     1.2180     0.0807     0.0284     0.9345
     3.050    210.256      8.896      0.320      0.266      4.468     1.9892     1.2013     0.0512     0.0320     0.8952
     3.250    210.967      9.424      0.399      0.208      4.372     2.8557     0.9022     0.0415     0.0183     0.5957
     3.450    213.544      9.173      0.427      0.156      3.497     4.2136     1.0649     0.0659     0.0191     0.6893
     3.650    216.358      9.923      0.336      0.191      3.369     2.3615     1.5382     0.0705     0.0145     0.7508
     3.850    217.752     10.323      0.246      0.215      2.786     1.4113     1.3188     0.0201     0.0110     0.2683
     4.050    218.214     10.965      0.361      0.216      4.090     2.2340     1.8346     0.1069     0.0107     1.2282
     4.250    222.573     10.542      0.562      0.176      5.216     2.5397     2.0078     0.1716     0.0040     1.5961
     4.450    227.093      9.884      0.675      0.188      6.674     2.0807     1.2305     0.1074     0.0109     1.1309
     4.650    228.368      9.279      0.464      0.180      4.391     2.1007     1.0234     0.0428     0.0074     0.4439
     4.850    227.539      9.718      0.450      0.167      3.955     2.5453     1.0028     0.0913     0.0081     0.8251
     5.050    229.815      8.605      0.382      0.176      3.537     1.4834     0.8719     0.0415     0.0074     0.4118
     5.250    229.464      8.494      0.450      0.160      3.773     2.4461     1.0566     0.0482     0.0143     0.5264
     5.450    226.771      9.366      0.412      0.189      4.099     2.3303     0.9584     0.0643     0.0144     0.7113
     5.650    228.718      7.754      0.293      0.252      3.876     2.4222     1.1230     0.1030     0.0244     1.4143
     5.850    232.116      7.488      0.343      0.279      5.021     2.2567     1.1764     0.0892     0.0217     1.3642
     6.050    234.459      8.160      0.456      0.171      4.096     1.8571     1.0451     0.0635     0.0217     0.7718
     6.250    235.872     10.654      0.668      0.192      6.738     3.0996     1.3897     0.1368     0.0068     1.4003
     6.450    241.248      8.721      0.657      0.213      7.365     2.1564     1.0947     0.1160     0.0091     1.3370
     6.650    244.032      7.952      0.403      0.204      4.318     2.0238     1.1640     0.1258     0.0122     1.3731
     6.850    239.657      8.671      0.461      0.216      5.230     1.6318     1.3516     0.0829     0.0186     1.0439
     7.050    241.714      7.951      0.474      0.208      5.189     1.5716     1.0010     0.0645     0.0400     1.2218
     7.250    244.345      8.180      0.360      0.208      3.935     1.9509     1.4145     0.0700     0.0400     1.0762
     7.450    245.020      8.430      0.431      0.208      4.719     2.5289     1.8743     0.0851     0.0400     1.2998
     7.650    244.164      6.915      0.276      0.208      3.016     3.7052     2.2215     0.0869     0.0400     1.1138
     7.850    243.653      7.317      0.351      0.208      3.836     7.8723     3.1073     0.2552     0.0400     2.8874
     8.050    245.589      7.518      0.496      0.208      5.431     5.6343     3.8315     0.2639     0.0400     3.0698
     8.250    243.590      8.218      0.475      0.208      5.197     5.0521     2.0848     0.2006     0.0400     2.4112
