### H2 in the MW. Data from Marasco, Fraternali, van der Hulst and Oosterloo 2017 ###
#1) Radius [kpc]
#2) Rotation velocity [km/s]
#3) Velocity dispersion [km/s]
#4) Density on the midplane [cm-3]
#5) Scale-height (FWHM) [kpc]
#6) Surface density [Msun/pc2]
#7) Error on rotation vel. [km/s]
#8) Error on velocity disp. [km/s]
#9) Error on midplane density [cm-3]
#10) Error on scale-height [kpc]
#11) Error on surf. dens. [Msun/pc2]
     0.050    205.956     15.129     10.719      0.098    110.557     6.5214     5.6879     3.3711     0.0033    34.9708
     0.250    232.766     13.399      7.693      0.072     58.206     6.2757     3.9351     2.6879     0.0031    20.4948
     0.450    251.995     12.377      1.453      0.083     12.685     4.2857     3.0255     0.6134     0.0041     5.3925
     0.650    248.511     10.146      0.631      0.105      6.964     5.9806     1.4652     0.2018     0.0134     2.3970
     0.850    228.953      7.289      0.383      0.118      4.746     6.4153     1.5203     0.1823     0.0192     2.3848
     1.050    233.910      7.683      0.163      0.118      2.022     7.1172     1.6656     0.0746     0.0247     1.0183
     1.250    231.293      3.792      0.155      0.088      1.444     4.8838     0.9623     0.0617     0.0173     0.6394
     1.450    217.162      4.680      0.133      0.102      1.425     2.0735     0.8911     0.0561     0.0158     0.6396
     1.650    206.353      3.689      0.125      0.081      1.068     3.8625     0.8208     0.0554     0.0223     0.5559
     1.850    212.778      4.684      0.128      0.058      0.773     1.2650     0.5078     0.0455     0.0189     0.3742
     2.050    213.223      4.620      0.176      0.073      1.351     2.0980     0.5039     0.0745     0.0186     0.6679
     2.250    212.251      4.821      0.147      0.067      1.028     4.1128     0.6801     0.0559     0.0158     0.4609
     2.450    208.827      5.311      0.289      0.087      2.653     2.1031     0.7409     0.1062     0.0139     1.0631
     2.650    206.928      5.059      0.494      0.071      3.681     1.6729     1.2061     0.1958     0.0095     1.5406
     2.850    206.081      4.086      0.518      0.078      4.226     1.1818     0.8382     0.2030     0.0112     1.7635
     3.050    206.169      4.710      0.474      0.075      3.744     1.8417     0.8117     0.1918     0.0117     1.6237
     3.250    201.735      6.280      0.780      0.076      6.212     2.2980     0.8287     0.2520     0.0110     2.2006
     3.450    214.140      5.202      0.803      0.063      5.295     2.2069     0.8202     0.3594     0.0084     2.4736
     3.650    215.068      5.619      0.615      0.077      4.952     1.4358     0.7860     0.2616     0.0121     2.2454
     3.850    212.777      5.164      0.481      0.072      3.643     1.5060     0.7225     0.1673     0.0131     1.4314
     4.050    209.869      3.760      0.581      0.064      3.916     2.1128     1.3122     0.2275     0.0215     2.0173
     4.250    223.091      5.651      0.862      0.071      6.452     1.0553     1.0272     0.3106     0.0244     3.2078
     4.450    223.429      6.878      0.810      0.091      7.776     2.1367     1.1745     0.2930     0.0228     3.4151
     4.650    223.810      6.650      0.611      0.069      4.440     2.5480     1.7976     0.2409     0.0200     2.1729
     4.850    219.373      4.725      0.455      0.064      3.078     1.9691     1.1135     0.1715     0.0263     1.7117
     5.050    229.444      4.225      0.342      0.066      2.378     1.8454     0.6506     0.1519     0.0367     1.6891
     5.250    230.499      4.367      0.341      0.068      2.421     2.2087     0.4793     0.1312     0.0211     1.1994
     5.450    229.380      4.189      0.282      0.055      1.620     2.8069     0.8062     0.0943     0.0202     0.8066
     5.650    220.669      3.909      0.270      0.070      1.972     5.6123     0.9678     0.0923     0.0442     1.4231
     5.850    230.135      4.275      0.313      0.072      2.357     2.4363     0.7070     0.1011     0.0459     1.6915
     6.050    227.188      4.838      0.375      0.060      2.373     1.9077     0.7349     0.1464     0.0472     2.0781
     6.250    233.495      4.828      0.567      0.063      3.747     1.8492     0.9497     0.2242     0.0482     3.2329
     6.450    238.033      4.731      0.620      0.088      5.727     1.6781     0.8320     0.2210     0.0495     3.8168
     6.650    239.641      3.324      0.296      0.054      1.681     5.3100     0.7842     0.1099     0.0505     1.6917
     6.850    237.936      3.897      0.337      0.040      1.418     3.4920     0.6284     0.1217     0.0495     1.8267
     7.050    238.149      4.161      0.266      0.036      1.021     0.9921     0.7038     0.0909     0.0369     1.0904
     7.250    243.729      2.989      0.153      0.055      0.891     1.7462     0.8039     0.0598     0.0400     0.7321
     7.450    238.071      2.781      0.199      0.055      1.159     1.4844     0.6443     0.0724     0.0400     0.9381
     7.650    223.574      2.499      0.087      0.055      0.506    16.5639     5.7012     0.1968     0.0400     1.2011
     7.850    240.768      2.950      0.041      0.055      0.238    19.3618     6.5877     0.1396     0.0400     0.8292
     8.050    240.853      2.788      0.190      0.055      1.105    12.7163     5.7472     0.3183     0.0400     2.0150
     8.250    241.831      3.050      0.231      0.055      1.342    10.8819     5.5075     1.2414     0.0400     7.2801
