Z	n	M	chi	Tg	Td
100	30	-30	0	39.03310056250335	31.37912912830557
100	30	-30	10	92.71388388482347	47.60510607990341
100	30	-30	20	190.1437817007496	70.90853419562785
100	30	-30	30	262.83328722736417	105.3004851749628
100	30	-30	40	617.2230667294104	154.1645901721655
100	30	-30	50	900.7615099047996	234.6477138340559
100	30	-30	60	11165.801314357264	375.7216510215426
100	30	-20	0	39.91737950759952	31.09125358582754
100	30	-20	10	94.461018322021	47.24251081659186
100	30	-20	20	186.93409905927177	70.08238824741967
100	30	-20	30	251.97984749696505	104.14736177984526
100	30	-20	40	489.2134023717184	151.06354983610825
100	30	-20	50	848.07890703107	231.2005578892456
100	30	-20	60	10905.495910967486	368.9103696895203
100	30	-10	0	40.91511506674355	30.60970460049381
100	30	-10	10	95.03145575638328	46.67843252623597
100	30	-10	20	195.12973314244672	69.45491521405874
100	30	-10	30	249.277301039046	103.03297919226112
100	30	-10	40	433.87754559243047	145.98893297386996
100	30	-10	50	764.4386373247083	225.08509222221775
100	30	-10	60	10344.211386956384	357.2277851120941
100	30	0	0	41.92637635353556	29.91026842084305
100	30	0	10	97.40481565364335	45.83971227792255
100	30	0	20	198.8352597321844	67.8619449622766
100	30	0	30	261.4382989392109	100.88297732166956
100	30	0	40	408.816900661261	138.53842473013646
100	30	0	50	803.7535765253032	186.5654226056546
100	30	0	60	9034.4963943187	336.8428390391166
100	30	10	0	42.32782134785536	29.052639760135342
100	30	10	10	88.87136997939963	44.80549220657773
100	30	10	20	207.42565940428392	66.99601741134703
100	30	10	30	279.4624984328644	98.90745810511994
100	30	10	40	353.09108420508164	128.45182174242862
100	30	10	50	632.4262449632129	157.46526721074162
100	30	10	60	5057.435789534432	283.4042859407933
100	30	20	0	49.26097399996817	28.917723991977443
100	30	20	10	92.06593470323278	44.11609713835955
100	30	20	20	207.25281893539167	65.57816084379765
100	30	20	30	277.6283470242341	97.10302522636864
100	30	20	40	334.64306899379943	123.33483555448686
100	30	20	50	467.54582209383096	140.35864056440587
100	30	20	60	2208.0075859759613	202.40957456502937
100	30	30	0	50.143602622092175	28.61604083854252
100	30	30	10	85.93301974344469	43.61348956067787
100	30	30	20	216.68266533616267	65.18969131533245
100	30	30	30	256.0101640731368	92.85020782405886
100	30	30	40	319.179779118731	119.04427267147288
100	30	30	50	431.2532501829027	137.13640218605707
100	30	30	60	1121.0986712284296	163.31792744015044
100	40	-30	0	209.12567214475308	30.793414719018163
100	40	-30	10	162.70603707125443	46.50397414620666
100	40	-30	20	234.48319848620352	69.25877219897139
100	40	-30	30	408.5450652938185	102.29235525183162
100	40	-30	40	701.8264060193042	153.44661586900116
100	40	-30	50	2016.081011923387	211.21348795856363
100	40	-30	60	1414.685147503578	356.5440198492256
100	40	-20	0	209.45870705286137	30.2273210006212
100	40	-20	10	227.66958920550437	45.77907432163287
100	40	-20	20	282.9179916583808	68.19370612497272
100	40	-20	30	415.2028502265092	100.238626603245
100	40	-20	40	679.4508666080804	149.9381978630948
100	40	-20	50	1756.7830838042587	197.99649367549893
100	40	-20	60	4081.845416946599	234.19723975883204
100	40	-10	0	226.4534508850554	29.610149040880664
100	40	-10	10	220.04895057656825	44.830072317469856
100	40	-10	20	279.1091003785107	66.75930159293853
100	40	-10	30	414.6954399348076	98.01479025050602
100	40	-10	40	699.9297585519816	147.424608814826
100	40	-10	50	1626.122689962151	184.892647190927
100	40	-10	60	3930.472789930136	205.37372410864828
100	40	0	0	219.38997045932095	29.076382857389596
100	40	0	10	216.1574479089738	44.03342639496534
100	40	0	20	296.9071611313534	65.8294839154778
100	40	0	30	421.7089664139068	96.5976094512342
100	40	0	40	684.9899074176684	144.61842279906497
100	40	0	50	1463.5694954362375	173.4781308647117
100	40	0	60	3315.760973053173	182.743637712632
100	40	10	0	229.37433746965573	28.75416518726222
100	40	10	10	240.4440521794901	43.5978265903014
100	40	10	20	294.7714289214551	65.05874303862073
100	40	10	30	432.0700713743064	95.83131006656126
100	40	10	40	616.1958342472363	139.98292400582412
100	40	10	50	599.3274027436535	206.74819971005329
100	40	10	60	2127.7755880976456	211.86378923971677
100	40	20	0	227.6065604074481	28.571592214912517
100	40	20	10	234.17694155995483	43.30032506014696
100	40	20	20	301.9928333313943	64.79970879474712
100	40	20	30	443.2417302376202	95.8526624653377
100	40	20	40	666.2354667811892	142.41503177827863
100	40	20	50	996.640389725318	162.39704828217273
100	40	20	60	2280.333559641369	182.14731569217344
100	40	30	0	226.8071000612081	28.479808146705142
100	40	30	10	230.39627134203772	43.16942747701736
100	40	30	20	292.2220523688417	64.25659655299827
100	40	30	30	440.188582712544	95.3319729996974
100	40	30	40	655.5652344592072	142.19913392830009
100	40	30	50	1043.040663767213	170.89610467126525
100	40	30	60	2118.9370631935003	181.15275894422257
100	50	-30	0	403.66215868709486	29.59944793944851
100	50	-30	10	271.4680837649411	44.9099995873851
100	50	-30	20	724.2753199819476	66.93982892994657
100	50	-30	30	733.5049960419257	98.84261327021844
100	50	-30	40	885.3410087080366	137.67133054910994
100	50	-30	50	2502.5330546878554	206.8580066293925
100	50	-30	60	4761.429575004162	204.7079250458984
100	50	-20	0	400.1328284135567	29.06680181576652
100	50	-20	10	282.381717504528	44.129999989000375
100	50	-20	20	831.1025282431514	65.87500252368899
100	50	-20	30	849.7640352652246	97.27350332534316
100	50	-20	40	883.4913918040164	135.4587472896992
100	50	-20	50	3107.806836838088	206.66796653687857
100	50	-20	60	4595.912821075356	199.0132926376845
100	50	-10	0	410.4468649493282	28.736031476656493
100	50	-10	10	290.97251166425104	43.63399999882005
100	50	-10	20	854.1786091301317	65.15046588986294
100	50	-10	30	817.5488469861443	96.0382422592317
100	50	-10	40	927.6015489404484	138.3066533626244
100	50	-10	50	2820.7333796429343	204.4329527861497
100	50	-10	60	4341.257108438934	193.5239478274077
100	50	0	0	416.4637928775622	28.563879391374662
100	50	0	10	300.62791410105706	43.370997658571
100	50	0	20	872.7623172148267	64.73269011304255
100	50	0	30	886.835147494308	95.30887070864225
100	50	0	40	887.6730054368334	137.03608394403898
100	50	0	50	2706.0941522444414	203.08122168308148
100	50	0	60	4272.537286489134	202.23690876503628
100	50	10	0	411.91120314482464	28.48360801310842
100	50	10	10	312.46982584078575	43.24198873781087
100	50	10	20	470.042498889854	64.70543966438477
100	50	10	30	907.1832627004738	95.12726323643706
100	50	10	40	877.7124972624049	132.94679591537692
100	50	10	50	2785.1339633298726	201.99757574442864
100	50	10	60	3839.5536769686983	178.57789378190915
100	50	20	0	420.77165505770506	28.434982993194005
100	50	20	10	310.9250531264486	43.1711468134971
100	50	20	20	537.7771720486335	64.58109073454999
100	50	20	30	985.3300707664154	95.15676747010828
100	50	20	40	913.4650573317708	128.21322215960046
100	50	20	50	2271.039515989395	203.80332920969852
100	50	20	60	3866.026337831545	207.7952723504397
100	50	30	0	413.6721670797502	28.416272275055896
100	50	30	10	316.9851543846605	43.14297286321449
100	50	30	20	453.5137365869577	64.57388542804325
100	50	30	30	946.2746031494786	95.49244991709377
100	50	30	40	907.728367983322	123.5447768430496
100	50	30	50	2544.392013579697	203.44225128962773
100	50	30	60	4113.62249783354	211.0804322153425
100	60	-30	0	185.8713989411406	28.75535083460379
100	60	-30	10	500.0588582447992	43.58125117345149
100	60	-30	20	981.2534828739078	65.27648508342187
100	60	-30	30	893.490646635734	96.96569284133304
100	60	-30	40	4325.300481597124	144.81910194928307
100	60	-30	50	5008.156063696982	204.48053678413464
100	60	-30	60	5038.288930027828	171.97485822752034
100	60	-20	0	179.20222216307317	28.562281365888506
100	60	-20	10	525.0830801702162	43.33791267840024
100	60	-20	20	866.5338892559929	64.90100005234414
100	60	-20	30	913.1166285763236	96.39783906947422
100	60	-20	40	4299.575032806139	143.9664156575447
100	60	-20	50	4892.065230100139	189.93851496538292
100	60	-20	60	4521.641478611425	164.0739445527762
100	60	-10	0	181.6958538446988	28.48048215345899
100	60	-10	10	518.0451661637834	43.21669995550791
100	60	-10	20	970.4321288894726	64.7159995727569
100	60	-10	30	917.6943444136076	96.11807118418876
100	60	-10	40	4296.665970458863	143.543288466762
100	60	-10	50	4936.779263914162	192.3777468648693
100	60	-10	60	4987.372397949529	176.0288857267059
100	60	0	0	180.62944575303823	28.440928120613
100	60	0	10	507.4542036441842	43.15465139428661
100	60	0	20	964.9442643451184	64.61638449084205
100	60	0	30	927.8816038907	95.96909291549376
100	60	0	40	4312.432994132603	143.32969601302216
100	60	0	50	4944.549379323129	192.6676306055372
100	60	0	60	4875.631284020415	172.81243180034164
100	60	10	0	189.79071260812756	28.41744934673837
100	60	10	10	528.340300353895	43.13548655438608
100	60	10	20	919.7794257720624	64.57599687189251
100	60	10	30	871.7829373449783	95.90554545018529
100	60	10	40	4335.770262755432	143.23917286818693
100	60	10	50	4874.856469272218	184.6859654017631
100	60	10	60	4253.984719789383	173.3924040948811
100	60	20	0	165.85686115402888	28.418534498899287
100	60	20	10	531.9682220306144	43.12204406017444
100	60	20	20	970.4898215506976	64.55192308468389
100	60	20	30	911.8790810667008	95.87074279380096
100	60	20	40	4305.130361584706	143.17535147746642
100	60	20	50	4727.753748055472	173.12245777914433
100	60	20	60	4118.42757437877	181.92657190209525
100	60	30	0	193.39388431920605	28.379321327314965
100	60	30	10	532.1779113841228	43.07066019688358
100	60	30	20	974.309998211962	64.47321782271894
100	60	30	30	934.2872637025188	95.756100944734
100	60	30	40	4272.174704294579	143.00916689626692
100	60	30	50	4407.529873627979	166.22995272703838
100	60	30	60	4258.404167209054	183.06669838141053
100	70	-30	0	122.72836951634612	28.493851313319887
100	70	-30	10	302.5946424710958	42.371551139862746
100	70	-30	20	535.4838101190387	64.65551319661218
100	70	-30	30	1099.3425119429237	96.1259997817954
100	70	-30	40	895.6460917439006	143.62611280066577
100	70	-30	50	5021.529679613206	193.3968813704153
100	70	-30	60	4560.888461451484	190.1141703996537
100	70	-20	0	118.45484828426996	28.449374231492506
100	70	-20	10	235.6836906487348	43.1656484690645
100	70	-20	20	534.7260936782798	64.57613506064912
100	70	-20	30	1064.6659231296517	95.97550232742468
100	70	-20	40	989.0834374001536	143.4161828563359
100	70	-20	50	5013.980605578212	192.7926115633089
100	70	-20	60	4547.936957114274	186.98934329802876
100	70	-10	0	117.1250642077585	28.4302628966293
100	70	-10	10	1120.1786391168414	43.14299893440562
100	70	-10	20	519.1388758290587	64.55252395437526
100	70	-10	30	1100.4891429154395	95.91496833556852
100	70	-10	40	940.9585239095202	143.32450587817212
100	70	-10	50	4674.515839333306	189.7726053260896
100	70	-10	60	4727.217196685728	186.87455492487598
100	70	0	0	150.12210131019532	28.409751171979615
100	70	0	10	193.27513927153495	43.12402602553584
100	70	0	20	508.7166273890783	64.54010762215738
100	70	0	30	1091.3651368775866	95.8788015280417
100	70	0	40	932.6964099050446	143.27321788808024
100	70	0	50	4709.620199531979	192.1754763080314
100	70	0	60	4746.586726767162	185.09666620585347
100	70	10	0	118.06840230927048	28.375875663960503
100	70	10	10	312.1953086804625	43.06175725489771
100	70	10	20	540.4280086912102	64.48026187506763
100	70	10	30	1150.0598653808222	95.76201644639644
100	70	10	40	924.7302707582336	143.1084708544589
100	70	10	50	4724.6009968180315	184.73683180100636
100	70	10	60	4187.888727049909	184.81155157042747
100	70	20	0	150.11134095925374	28.313941515410196
100	70	20	10	209.79732976583728	43.10955668321726
100	70	20	20	517.5475611632936	64.52770905073588
100	70	20	30	1103.3292595282358	95.85664742029807
100	70	20	40	947.433465085539	143.24857945146124
100	70	20	50	4695.278623734949	173.12245777914399
100	70	20	60	4080.658435670499	191.44252813171718
100	70	30	0	120.57573814895524	28.400634745104565
100	70	30	10	169.7108306995814	43.08629143693962
100	70	30	20	517.6769293406592	64.51848980528342
100	70	30	30	1086.5571609929636	95.84360606500162
100	70	30	40	934.1358033899984	143.23609778240177
100	70	30	50	4557.04201442296	166.2299527270387
100	70	30	60	4226.929884952162	192.40963722503932
