face-on central tau B
      3.78000
sfr
      1.00000
old
     0.350000
bd
     0.450000
      tau1
      3.17000
   hd [pc]
      5200.00
   zd [pc]
      140.000
 hdin [pc]
      4500.00
 zdin [pc]
      140.000
   hdsolar [pc]
      8000.00
   zdsolar [pc]
      140.000
      tau2
     0.610000
  hd1 [pc]
      3200.00
  zd1 [pc]
      50.0000
hd1in [pc]
      4500.00
zd1in [pc]
      67.0000
  hd1solar [pc]
      8000.00
  zd1solar [pc]
      90.0000
   hs [pc]
      3200.00
   zs [pc]
      140.000
 hsin [pc]
      4500.00
 zsin [pc]
      170.000
   hssolar [pc]
      8000.00
   zssolar [pc]
      300.000
 rtruncate [pc]
      14000.0
  hs1 [pc]
      3200.00
  zs1 [pc]
      50.0000
hs1in [pc]
      4500.00
zs1in [pc]
      67.0000
  hs1solar [pc]
      8000.00
  zs1solar [pc]
      90.0000
rtruncate1 [pc]
      14000.0
   ifinns2
           3
   ifinns1
           3
   ifinnd1
           3
   ifinnd2
           3
    idisk1
           3
    idisk2
           3
nposition in r
          23
nposition in z
          22
          
    r(pc)      z(pc)   urad(erg/pc3/A)        eabs(erg/s/pc3/A)
      0.00000      0.00000   3.5408648e+39   1.5812464e+29
      0.00000      50.0000   2.8252640e+39   9.7423324e+28
      0.00000      100.000   1.9535837e+39   4.2913233e+28
      0.00000      150.000   1.5075442e+39   1.9424777e+28
      0.00000      200.000   1.2926422e+39   9.0475613e+27
      0.00000      300.000   1.1228971e+39   2.0452458e+27
      0.00000      400.000   1.0671280e+39   4.7559272e+26
      0.00000      600.000   1.0249812e+39   2.6391980e+25
      0.00000      800.000   1.0083217e+39   1.4919271e+24
      0.00000      1000.00   9.9079879e+38   8.4206669e+22
      0.00000      1500.00   9.5538626e+38   6.4187043e+19
      0.00000      2000.00   9.3483270e+38   4.9644337e+16
      0.00000      2500.00   9.1039710e+38   3.8213790e+13
      0.00000      3000.00   8.7337519e+38   2.8981060e+10
      0.00000      3500.00   8.3465536e+38       21890242.
      0.00000      4000.00   7.8153707e+38       16208.932
      0.00000      5000.00   6.8710780e+38    0.0089021290
      0.00000      5500.00   6.4377069e+38   6.5942172e-06
      0.00000      6000.00   6.0275578e+38   4.8808468e-09
      0.00000      7000.00   5.2570233e+38   2.6596949e-15
      0.00000      8000.00   4.5415508e+38   1.4335033e-21
      0.00000      10000.0   3.3775737e+38   4.0785788e-34
      50.0000      0.00000   3.5500069e+39   1.6034411e+29
      50.0000      50.0000   2.8299084e+39   9.8692764e+28
      50.0000      100.000   1.9548873e+39   4.3405039e+28
      50.0000      150.000   1.5059471e+39   1.9618452e+28
      50.0000      200.000   1.2905513e+39   9.1348898e+27
      50.0000      300.000   1.1223610e+39   2.0674405e+27
      50.0000      400.000   1.0672859e+39   4.8093117e+26
      50.0000      600.000   1.0250236e+39   2.6697275e+25
      50.0000      800.000   1.0076811e+39   1.5078804e+24
      50.0000      1000.00   9.9065202e+38   8.5133562e+22
      50.0000      1500.00   9.5519721e+38   6.4877487e+19
      50.0000      2000.00   9.3425432e+38   5.0159279e+16
      50.0000      2500.00   9.0945181e+38   3.8604462e+13
      50.0000      3000.00   8.7265004e+38   2.9276815e+10
      50.0000      3500.00   8.3439292e+38       22125785.
      50.0000      4000.00   7.8122112e+38       16381.500
      50.0000      5000.00   6.8621349e+38    0.0089907270
      50.0000      5500.00   6.4368611e+38   6.6665330e-06
      50.0000      6000.00   6.0110522e+38   4.9207038e-09
      50.0000      7000.00   5.2568032e+38   2.6888129e-15
      50.0000      8000.00   4.5334708e+38   1.4474192e-21
      50.0000      10000.0   3.3825849e+38   4.1307373e-34
      100.000      0.00000   3.5656666e+39   1.6274530e+29
      100.000      50.0000   2.8402806e+39   1.0014505e+29
      100.000      100.000   1.9579346e+39   4.3969360e+28
      100.000      150.000   1.5058003e+39   1.9838198e+28
      100.000      200.000   1.2898374e+39   9.2298928e+27
      100.000      300.000   1.1210574e+39   2.0873216e+27
      100.000      400.000   1.0667187e+39   4.8589154e+26
      100.000      600.000   1.0246031e+39   2.6980903e+25
      100.000      800.000   1.0054098e+39   1.5206568e+24
      100.000      1000.00   9.9075654e+38   8.6070905e+22
      100.000      1500.00   9.5515491e+38   6.5586838e+19
      100.000      2000.00   9.3334011e+38   5.0666882e+16
      100.000      2500.00   9.0930504e+38   3.9024873e+13
      100.000      3000.00   8.7175572e+38   2.9571277e+10
      100.000      3500.00   8.3251101e+38       22325157.
      100.000      4000.00   7.8019125e+38       16533.694
      100.000      5000.00   6.8621349e+38    0.0090886901
      100.000      5500.00   6.4283408e+38   6.7299057e-06
      100.000      6000.00   6.0087387e+38   4.9724394e-09
      100.000      7000.00   5.2554262e+38   2.7179308e-15
      100.000      8000.00   4.5468344e+38   1.4680729e-21
      100.000      10000.0   3.3950679e+38   4.1907344e-34
      150.000      0.00000   3.5839507e+39   1.6529152e+29
      150.000      50.0000   2.8523967e+39   1.0168141e+29
      150.000      100.000   1.9638092e+39   4.4571491e+28
      150.000      150.000   1.5071773e+39   2.0074648e+28
      150.000      200.000   1.2885762e+39   9.3198458e+27
      150.000      300.000   1.1194492e+39   2.1070561e+27
      150.000      400.000   1.0662560e+39   4.9099866e+26
      150.000      600.000   1.0242984e+39   2.7263064e+25
      150.000      800.000   1.0043601e+39   1.5360230e+24
      150.000      1000.00   9.9137719e+38   8.7067204e+22
      150.000      1500.00   9.5584897e+38   6.6354026e+19
      150.000      2000.00   9.3332891e+38   5.1219634e+16
      150.000      2500.00   9.0865328e+38   3.9417921e+13
      150.000      3000.00   8.7207166e+38   2.9903937e+10
      150.000      3500.00   8.3285804e+38       22575203.
      150.000      4000.00   7.8019125e+38       16714.160
      150.000      5000.00   6.8548833e+38    0.0091782452
      150.000      5500.00   6.4383287e+38   6.8149460e-06
      150.000      6000.00   5.9894966e+38   5.0103499e-09
      150.000      7000.00   5.2554262e+38   2.7471955e-15
      150.000      8000.00   4.5485222e+38   1.4844491e-21
      150.000      10000.0   3.3912094e+38   4.2309197e-34
      200.000      0.00000   3.6015010e+39   1.6795342e+29
      200.000      50.0000   2.8658162e+39   1.0325982e+29
      200.000      100.000   1.9698305e+39   4.5208327e+28
      200.000      150.000   1.5100045e+39   2.0326334e+28
      200.000      200.000   1.2889966e+39   9.4235677e+27
      200.000      300.000   1.1187776e+39   2.1286637e+27
      200.000      400.000   1.0657200e+39   4.9610577e+26
      200.000      600.000   1.0237623e+39   2.7534389e+25
      200.000      800.000   1.0034235e+39   1.5503966e+24
      200.000      1000.00   9.9159733e+38   8.8016113e+22
      200.000      1500.00   9.5551315e+38   6.7041360e+19
      200.000      2000.00   9.3329781e+38   5.1761941e+16
      200.000      2500.00   9.0666690e+38   3.9754249e+13
      200.000      3000.00   8.7311274e+38   3.0261934e+10
      200.000      3500.00   8.3168139e+38       22781005.
      200.000      4000.00   7.8070745e+38       16910.423
      200.000      5000.00   6.8496345e+38    0.0092690694
      200.000      5500.00   6.4159272e+38   6.8637036e-06
      200.000      6000.00   5.9807775e+38   5.0582869e-09
      200.000      7000.00   5.2454730e+38   2.7714836e-15
      200.000      8000.00   4.5526703e+38   1.5008987e-21
      200.000      10000.0   3.3935790e+38   4.2797760e-34
      300.000      0.00000   3.6403828e+39   1.7319089e+29
      300.000      50.0000   2.8952624e+39   1.0652696e+29
      300.000      100.000   1.9833234e+39   4.6489335e+28
      300.000      150.000   1.5147956e+39   2.0834845e+28
      300.000      200.000   1.2908250e+39   9.6385742e+27
      300.000      300.000   1.1176320e+39   2.1717496e+27
      300.000      400.000   1.0617895e+39   5.0479633e+26
      300.000      600.000   1.0207038e+39   2.8043634e+25
      300.000      800.000   1.0042867e+39   1.5849834e+24
      300.000      1000.00   9.9221807e+38   8.9946645e+22
      300.000      1500.00   9.5541988e+38   6.8465410e+19
      300.000      2000.00   9.3174306e+38   5.2785605e+16
      300.000      2500.00   9.0765702e+38   4.0645574e+13
      300.000      3000.00   8.7191370e+38   3.0856555e+10
      300.000      3500.00   8.2837412e+38       23177027.
      300.000      4000.00   7.8123234e+38       17276.493
      300.000      5000.00   6.8354425e+38    0.0094473345
      300.000      5500.00   6.4104543e+38   7.0040191e-06
      300.000      6000.00   5.9735260e+38   5.1588401e-09
      300.000      7000.00   5.2153024e+38   2.8133393e-15
      300.000      8000.00   4.5592786e+38   1.5355976e-21
      300.000      10000.0   3.3936657e+38   4.3705575e-34
      400.000      0.00000   3.6773739e+39   1.7854404e+29
      400.000      50.0000   2.9236251e+39   1.0984348e+29
      400.000      100.000   1.9969632e+39   4.7796589e+28
      400.000      150.000   1.5193667e+39   2.1329586e+28
      400.000      200.000   1.2910339e+39   9.8412790e+27
      400.000      300.000   1.1159814e+39   2.2139722e+27
      400.000      400.000   1.0608442e+39   5.1479042e+26
      400.000      600.000   1.0187907e+39   2.8570316e+25
      400.000      800.000   1.0045180e+39   1.6187805e+24
      400.000      1000.00   9.9050526e+38   9.1659633e+22
      400.000      1500.00   9.5519973e+38   6.9873664e+19
      400.000      2000.00   9.3258388e+38   5.3934273e+16
      400.000      2500.00   9.0686969e+38   4.1451694e+13
      400.000      3000.00   8.7154679e+38   3.1492869e+10
      400.000      3500.00   8.2701962e+38       23623336.
      400.000      4000.00   7.8139030e+38       17646.057
      400.000      5000.00   6.8289248e+38    0.0096344302
      400.000      5500.00   6.3987998e+38   7.1378424e-06
      400.000      6000.00   5.9674313e+38   5.2603300e-09
      400.000      7000.00   5.2146940e+38   2.8723264e-15
      400.000      8000.00   4.5670611e+38   1.5707368e-21
      400.000      10000.0   3.4056484e+38   4.4778058e-34
      600.000      0.00000   3.7478860e+39   1.8901898e+29
      600.000      50.0000   2.9779638e+39   1.1654480e+29
      600.000      100.000   2.0249590e+39   5.0484730e+28
      600.000      150.000   1.5309691e+39   2.2370475e+28
      600.000      200.000   1.2887963e+39   1.0226428e+28
      600.000      300.000   1.1099601e+39   2.2913689e+27
      600.000      400.000   1.0568179e+39   5.3384197e+26
      600.000      600.000   1.0192646e+39   2.9747429e+25
      600.000      800.000   1.0041399e+39   1.6839144e+24
      600.000      1000.00   9.9076773e+38   9.5427036e+22
      600.000      1500.00   9.5648338e+38   7.2820522e+19
      600.000      2000.00   9.3143832e+38   5.6060335e+16
      600.000      2500.00   9.0361340e+38   4.2988311e+13
      600.000      3000.00   8.6712251e+38   3.2614946e+10
      600.000      3500.00   8.2400590e+38       24499983.
      600.000      4000.00   7.8027583e+38       18341.851
      600.000      5000.00   6.8068342e+38    0.0099952507
      600.000      5500.00   6.3733763e+38   7.3975904e-06
      600.000      6000.00   5.9621825e+38   5.4709840e-09
      600.000      7000.00   5.2242164e+38   2.9954586e-15
      600.000      8000.00   4.5983766e+38   1.6449433e-21
      600.000      10000.0   3.4481606e+38   4.7170736e-34
      800.000      0.00000   3.8146169e+39   1.9948658e+29
      800.000      50.0000   3.0319356e+39   1.2337958e+29
      800.000      100.000   2.0532484e+39   5.3229589e+28
      800.000      150.000   1.5384406e+39   2.3380158e+28
      800.000      200.000   1.2896682e+39   1.0637000e+28
      800.000      300.000   1.1063455e+39   2.3742731e+27
      800.000      400.000   1.0480117e+39   5.5016212e+26
      800.000      600.000   1.0178144e+39   3.0874602e+25
      800.000      800.000   1.0037196e+39   1.7491949e+24
      800.000      1000.00   9.9314345e+38   9.9417335e+22
      800.000      1500.00   9.5743117e+38   7.5764272e+19
      800.000      2000.00   9.3303790e+38   5.8352572e+16
      800.000      2500.00   9.0305743e+38   4.4646823e+13
      800.000      3000.00   8.6360630e+38   3.3746428e+10
      800.000      3500.00   8.2290263e+38       25429852.
      800.000      4000.00   7.7867878e+38       19016.538
      800.000      5000.00   6.7926422e+38     0.010367439
      800.000      5500.00   6.3859886e+38   7.7026257e-06
      800.000      6000.00   5.9660505e+38   5.6888643e-09
      800.000      7000.00   5.2554545e+38   3.1310911e-15
      800.000      8000.00   4.6253238e+38   1.7197929e-21
      800.000      10000.0   3.4696562e+38   4.9298732e-34
      1000.00      0.00000   3.8771436e+39   2.0993950e+29
      1000.00      50.0000   3.0846772e+39   1.3032469e+29
      1000.00      100.000   2.0802343e+39   5.6028056e+28
      1000.00      150.000   1.5458389e+39   2.4391307e+28
      1000.00      200.000   1.2913611e+39   1.1054202e+28
      1000.00      300.000   1.0970654e+39   2.4423248e+27
      1000.00      400.000   1.0458699e+39   5.6969879e+26
      1000.00      600.000   1.0155344e+39   3.1969101e+25
      1000.00      800.000   1.0068826e+39   1.8204968e+24
      1000.00      1000.00   9.9793713e+38   1.0364943e+23
      1000.00      1500.00   9.6043881e+38   7.8864618e+19
      1000.00      2000.00   9.3272450e+38   6.0541822e+16
      1000.00      2500.00   9.0164943e+38   4.6254835e+13
      1000.00      3000.00   8.6167596e+38   3.4945462e+10
      1000.00      3500.00   8.2335666e+38       26395718.
      1000.00      4000.00   7.7720860e+38       19696.922
      1000.00      5000.00   6.8015602e+38     0.010770724
      1000.00      5500.00   6.3816725e+38   7.9891526e-06
      1000.00      6000.00   5.9623560e+38   5.9003390e-09
      1000.00      7000.00   5.2575612e+38   3.2498724e-15
      1000.00      8000.00   4.6087622e+38   1.7787626e-21
      1000.00      10000.0   3.4703513e+38   5.1139777e-34
      1500.00      0.00000   4.0143866e+39   2.3549537e+29
      1500.00      50.0000   3.2070503e+39   1.4802012e+29
      1500.00      100.000   2.1440820e+39   6.3216952e+28
      1500.00      150.000   1.5658668e+39   2.6981771e+28
      1500.00      200.000   1.2846146e+39   1.2001668e+28
      1500.00      300.000   1.0902879e+39   2.6486856e+27
      1500.00      400.000   1.0487369e+39   6.2313447e+26
      1500.00      600.000   1.0363945e+39   3.5590007e+25
      1500.00      800.000   1.0250423e+39   2.0226360e+24
      1500.00      1000.00   1.0094151e+39   1.1437824e+23
      1500.00      1500.00   9.7231985e+38   8.7090627e+19
      1500.00      2000.00   9.3646228e+38   6.6313030e+16
      1500.00      2500.00   8.9990198e+38   5.0375122e+13
      1500.00      3000.00   8.5856281e+38   3.7983900e+10
      1500.00      3500.00   8.1669731e+38       28567223.
      1500.00      4000.00   7.7254683e+38       21361.730
      1500.00      5000.00   6.7945580e+38     0.011739800
      1500.00      5500.00   6.3221678e+38   8.6330550e-06
      1500.00      6000.00   5.9353528e+38   6.4069984e-09
      1500.00      7000.00   5.2147089e+38   3.5166303e-15
      1500.00      8000.00   4.5758045e+38   1.9258120e-21
      1500.00      10000.0   3.4978414e+38   5.6137124e-34
      2000.00      0.00000   4.1272507e+39   2.6039774e+29
      2000.00      50.0000   3.3146269e+39   1.6597824e+29
      2000.00      100.000   2.2044980e+39   7.0663446e+28
      2000.00      150.000   1.5804431e+39   2.9553888e+28
      2000.00      200.000   1.2783395e+39   1.2948487e+28
      2000.00      300.000   1.0715074e+39   2.8200365e+27
      2000.00      400.000   1.0317450e+39   6.6412950e+26
      2000.00      600.000   1.0216205e+39   3.8008116e+25
      2000.00      800.000   1.0168904e+39   2.1729703e+24
      2000.00      1000.00   1.0046153e+39   1.2332379e+23
      2000.00      1500.00   9.6678869e+38   9.3812985e+19
      2000.00      2000.00   9.3249963e+38   7.1528630e+16
      2000.00      2500.00   8.9435096e+38   5.4226498e+13
      2000.00      3000.00   8.5429289e+38   4.0939549e+10
      2000.00      3500.00   8.1009398e+38       30694523.
      2000.00      4000.00   7.6164360e+38       22814.518
      2000.00      5000.00   6.7160607e+38     0.012570737
      2000.00      5500.00   6.2801266e+38   9.2913732e-06
      2000.00      6000.00   5.8606982e+38   6.8525480e-09
      2000.00      7000.00   5.1691375e+38   3.7763182e-15
      2000.00      8000.00   4.5405880e+38   2.0694164e-21
      2000.00      10000.0   3.4694613e+38   6.0145602e-34
      3000.00      0.00000   4.2859371e+39   3.0715512e+29
      3000.00      50.0000   3.4956896e+39   2.0243680e+29
      3000.00      100.000   2.3241173e+39   8.6606090e+28
      3000.00      150.000   1.6157078e+39   3.5028542e+28
      3000.00      200.000   1.2662745e+39   1.4832052e+28
      3000.00      300.000   1.0352862e+39   3.1450452e+27
      3000.00      400.000   9.9531236e+38   7.3940417e+26
      3000.00      600.000   9.9118055e+38   4.2552286e+25
      3000.00      800.000   9.8854895e+38   2.4379378e+24
      3000.00      1000.00   9.7785608e+38   1.3850962e+23
      3000.00      1500.00   9.4460195e+38   1.0574960e+20
      3000.00      2000.00   9.1211886e+38   8.0733440e+16
      3000.00      2500.00   8.7654977e+38   6.1328744e+13
      3000.00      3000.00   8.3505877e+38   4.6184740e+10
      3000.00      3500.00   7.8780997e+38       34440308.
      3000.00      4000.00   7.4314692e+38       25674.211
      3000.00      5000.00   6.5191395e+38     0.014073836
      3000.00      5500.00   6.0962155e+38   1.0406462e-05
      3000.00      6000.00   5.6835902e+38   7.6688698e-09
      3000.00      7000.00   4.9556893e+38   4.1770193e-15
      3000.00      8000.00   4.3991196e+38   2.3107894e-21
      3000.00      10000.0   3.4228411e+38   6.7854265e-34
      4000.00      0.00000   4.3687506e+39   3.4904407e+29
      4000.00      50.0000   3.6310418e+39   2.3854659e+29
      4000.00      100.000   2.4296912e+39   1.0353632e+29
      4000.00      150.000   1.6561133e+39   4.0937551e+28
      4000.00      200.000   1.2694910e+39   1.6907736e+28
      4000.00      300.000   1.0096573e+39   3.4783886e+27
      4000.00      400.000   9.6872849e+38   8.1568775e+26
      4000.00      600.000   9.6060797e+38   4.6735147e+25
      4000.00      800.000   9.5574885e+38   2.6715189e+24
      4000.00      1000.00   9.4361327e+38   1.5143950e+23
      4000.00      1500.00   9.0881557e+38   1.1531879e+20
      4000.00      2000.00   8.7790210e+38   8.8054024e+16
      4000.00      2500.00   8.4278560e+38   6.6833823e+13
      4000.00      3000.00   7.9708035e+38   4.9956659e+10
      4000.00      3500.00   7.5190616e+38       37261266.
      4000.00      4000.00   7.0683136e+38       27686.941
      4000.00      5000.00   6.1964816e+38     0.015164091
      4000.00      5500.00   5.7897017e+38   1.1199204e-05
      4000.00      6000.00   5.4462943e+38   8.3262193e-09
      4000.00      7000.00   4.7529432e+38   4.5361944e-15
      4000.00      8000.00   4.2312097e+38   2.5127070e-21
      4000.00      10000.0   3.3368523e+38   7.3783190e-34
      4500.00      0.00000   4.3585891e+39   3.6574486e+29
      4500.00      50.0000   3.6581824e+39   2.5445232e+29
      4500.00      100.000   2.4611827e+39   1.1159778e+29
      4500.00      150.000   1.6658330e+39   4.3752574e+28
      4500.00      200.000   1.2592847e+39   1.7796551e+28
      4500.00      300.000   9.8745830e+38   3.6052604e+27
      4500.00      400.000   9.4251434e+38   8.4043779e+26
      4500.00      600.000   9.3934193e+38   4.8387476e+25
      4500.00      800.000   9.3308346e+38   2.7610152e+24
      4500.00      1000.00   9.1926367e+38   1.5626241e+23
      4500.00      1500.00   8.9031814e+38   1.1961790e+20
      4500.00      2000.00   8.5436082e+38   9.0746212e+16
      4500.00      2500.00   8.1089068e+38   6.8074198e+13
      4500.00      3000.00   7.6703483e+38   5.0911062e+10
      4500.00      3500.00   7.2751250e+38       38168759.
      4500.00      4000.00   6.8365412e+38       28347.804
      4500.00      5000.00   6.0039887e+38     0.015560886
      4500.00      5500.00   5.6191620e+38   1.1507525e-05
      4500.00      6000.00   5.2973196e+38   8.5748731e-09
      4500.00      7000.00   4.6375762e+38   4.6829969e-15
      4500.00      8000.00   4.1131489e+38   2.5807881e-21
      4500.00      10000.0   3.2867138e+38   7.6029663e-34
      5000.00      0.00000   3.6693604e+39   2.7454433e+29
      5000.00      50.0000   3.1393828e+39   1.9667797e+29
      5000.00      100.000   2.2019553e+39   9.0716536e+28
      5000.00      150.000   1.5527215e+39   3.7115910e+28
      5000.00      200.000   1.1974573e+39   1.5401091e+28
      5000.00      300.000   9.5205256e+38   3.1598803e+27
      5000.00      400.000   9.0779869e+38   7.3539372e+26
      5000.00      600.000   9.0242804e+38   4.2227599e+25
      5000.00      800.000   8.9712211e+38   2.4114726e+24
      5000.00      1000.00   8.8762323e+38   1.3707515e+23
      5000.00      1500.00   8.5999207e+38   1.0495421e+20
      5000.00      2000.00   8.2005801e+38   7.9115155e+16
      5000.00      2500.00   7.7726061e+38   5.9271072e+13
      5000.00      3000.00   7.3492591e+38   4.4298534e+10
      5000.00      3500.00   6.9322056e+38       33035412.
      5000.00      4000.00   6.5188213e+38       24556.240
      5000.00      5000.00   5.7913463e+38     0.013630488
      5000.00      5500.00   5.4200259e+38   1.0080327e-05
      5000.00      6000.00   5.0911696e+38   7.4818026e-09
      5000.00      7000.00   4.4866762e+38   4.1111556e-15
      5000.00      8000.00   3.9899125e+38   2.2679142e-21
      5000.00      10000.0   3.2323365e+38   6.6852976e-34
      6000.00      0.00000   2.6721665e+39   1.5966096e+29
      6000.00      50.0000   2.3740212e+39   1.2065804e+29
      6000.00      100.000   1.7661457e+39   6.0030154e+28
      6000.00      150.000   1.3242241e+39   2.6241213e+28
      6000.00      200.000   1.0729549e+39   1.1427609e+28
      6000.00      300.000   8.7340648e+38   2.3963667e+27
      6000.00      400.000   8.3479187e+38   5.5846306e+26
      6000.00      600.000   8.2422302e+38   3.1823120e+25
      6000.00      800.000   8.2467452e+38   1.8293195e+24
      6000.00      1000.00   8.1546269e+38   1.0386301e+23
      6000.00      1500.00   7.7974109e+38   7.8499750e+19
      6000.00      2000.00   7.3820204e+38   5.8760866e+16
      6000.00      2500.00   6.9750887e+38   4.3878901e+13
      6000.00      3000.00   6.6001487e+38   3.2818984e+10
      6000.00      3500.00   6.2132049e+38       24420893.
      6000.00      4000.00   5.8929383e+38       18306.434
      6000.00      5000.00   5.2924437e+38     0.010268536
      6000.00      5500.00   4.9845480e+38   7.6414142e-06
      6000.00      6000.00   4.6993513e+38   5.6871984e-09
      6000.00      7000.00   4.1758169e+38   3.1409000e-15
      6000.00      8000.00   3.7512800e+38   1.7388535e-21
      6000.00      10000.0   3.0904278e+38   5.0360154e-34
      8000.00      0.00000   1.5410700e+39   5.9517156e+28
      8000.00      50.0000   1.4602086e+39   4.8982206e+28
      8000.00      100.000   1.1760842e+39   2.7063657e+28
      8000.00      150.000   9.5818949e+38   1.2984783e+28
      8000.00      200.000   8.2139496e+38   5.9966093e+27
      8000.00      300.000   7.0174735e+38   1.3160893e+27
      8000.00      400.000   6.6817183e+38   3.0494532e+26
      8000.00      600.000   6.5141863e+38   1.7113046e+25
      8000.00      800.000   6.3637990e+38   9.5958967e+23
      8000.00      1000.00   6.2296971e+38   5.3946104e+22
      8000.00      1500.00   5.8633419e+38   4.0121980e+19
      8000.00      2000.00   5.4355007e+38   2.9402255e+16
      8000.00      2500.00   5.1628434e+38   2.2058040e+13
      8000.00      3000.00   4.9253681e+38   1.6621019e+10
      8000.00      3500.00   4.6811148e+38       12476852.
      8000.00      4000.00   4.4644810e+38       9394.4462
      8000.00      5000.00   4.0933624e+38    0.0053537215
      8000.00      5500.00   3.9449257e+38   4.0592347e-06
      8000.00      6000.00   3.7751535e+38   3.0497923e-09
      8000.00      7000.00   3.4544323e+38   1.7033577e-15
      8000.00      8000.00   3.1390104e+38   9.2358407e-22
      8000.00      10000.0   2.6780401e+38   2.4491326e-34
      10000.0      0.00000   9.0841149e+38   2.2590930e+28
      10000.0      50.0000   8.7800642e+38   1.9155433e+28
      10000.0      100.000   7.7598921e+38   1.1807524e+28
      10000.0      150.000   6.6048671e+38   5.9795385e+27
      10000.0      200.000   5.8403598e+38   2.8613670e+27
      10000.0      300.000   5.0928719e+38   6.4246300e+26
      10000.0      400.000   4.8329161e+38   1.4803210e+26
      10000.0      600.000   4.6151936e+38   8.1087391e+24
      10000.0      800.000   4.4606141e+38   4.4887141e+23
      10000.0      1000.00   4.3354275e+38   2.5011685e+22
      10000.0      1500.00   3.9808739e+38   1.8113005e+19
      10000.0      2000.00   3.7221338e+38   1.3347463e+16
      10000.0      2500.00   3.5206515e+38   9.9435800e+12
      10000.0      3000.00   3.3951007e+38   7.5400717e+09
      10000.0      3500.00   3.2801635e+38       5718510.3
      10000.0      4000.00   3.1882669e+38       4353.9577
      10000.0      5000.00   3.0002160e+38    0.0024905683
      10000.0      5500.00   2.9235374e+38   1.8806877e-06
      10000.0      6000.00   2.8338234e+38   1.4039218e-09
      10000.0      7000.00   2.6712909e+38   7.6696382e-16
      10000.0      8000.00   2.4849144e+38   3.9627467e-22
      10000.0      10000.0   2.1975232e+38   8.8826260e-35
      12000.0      0.00000   4.9304423e+38   7.0300805e+27
      12000.0      50.0000   4.8064557e+38   6.0381950e+27
      12000.0      100.000   4.4218081e+38   3.9096406e+27
      12000.0      150.000   3.9943691e+38   2.1182785e+27
      12000.0      200.000   3.6446997e+38   1.0518057e+27
      12000.0      300.000   3.2160142e+38   2.4021559e+26
      12000.0      400.000   3.0085189e+38   5.4668675e+25
      12000.0      600.000   2.7992480e+38   2.9143254e+24
      12000.0      800.000   2.6811613e+38   1.5928474e+23
      12000.0      1000.00   2.6053926e+38   8.8394510e+21
      12000.0      1500.00   2.4482307e+38   6.4847330e+18
      12000.0      2000.00   2.3164463e+38   4.7894988e+15
      12000.0      2500.00   2.2014531e+38   3.5402527e+12
      12000.0      3000.00   2.1681220e+38   2.7021517e+09
      12000.0      3500.00   2.1517559e+38       2067898.4
      12000.0      4000.00   2.1379962e+38       1575.8385
      12000.0      5000.00   2.0863354e+38   0.00088533621
      12000.0      5500.00   2.0674737e+38   6.5734332e-07
      12000.0      6000.00   2.0285413e+38   4.7805599e-10
      12000.0      7000.00   1.9648326e+38   2.4506151e-16
      12000.0      8000.00   1.8831694e+38   1.1699181e-22
      12000.0      10000.0   1.7342299e+38   2.0947283e-35
      15000.0      0.00000   1.0873332e+38   3.1022028e+26
      15000.0      50.0000   1.0658169e+38   2.6845029e+26
      15000.0      100.000   1.0219917e+38   1.8225053e+26
      15000.0      150.000   9.7030898e+37   1.0442538e+26
      15000.0      200.000   9.2340797e+37   5.4416146e+25
      15000.0      300.000   8.5757078e+37   1.3223686e+25
      15000.0      400.000   8.2299878e+37   3.1172741e+24
      15000.0      600.000   7.8372571e+37   1.7280560e+23
      15000.0      800.000   7.6350219e+37   9.7481561e+21
      15000.0      1000.00   7.8197711e+37   5.7896213e+20
      15000.0      1500.00   8.3704752e+37   5.0730169e+17
      15000.0      2000.00   9.1111005e+37   4.6425754e+14
      15000.0      2500.00   9.3879739e+37   4.1947996e+11
      15000.0      3000.00   9.8210468e+37   4.0708206e+08
      15000.0      3500.00   1.0024257e+38       411190.74
      15000.0      4000.00   1.0309066e+38       445.10134
      15000.0      5000.00   1.1057799e+38   0.00060316321
      15000.0      5500.00   1.1457325e+38   7.2565419e-07
      15000.0      6000.00   1.1703370e+38   8.6371788e-10
      15000.0      7000.00   1.1865499e+38   1.1620917e-15
      15000.0      8000.00   1.1863241e+38   1.4464964e-21
      15000.0      10000.0   1.1238328e+38   1.6138793e-33
      18000.0      0.00000   1.4697488e+37   1.6560710e+24
      18000.0      50.0000   1.4894277e+37   1.4824839e+24
      18000.0      100.000   1.5241286e+37   1.0748750e+24
      18000.0      150.000   1.5970988e+37   6.8085041e+23
      18000.0      200.000   1.7003723e+37   3.9806541e+23
      18000.0      300.000   1.9036930e+37   1.1772063e+23
      18000.0      400.000   1.9602922e+37   3.0125356e+22
      18000.0      600.000   1.8788544e+37   1.7589518e+21
      18000.0      800.000   1.7143812e+37   1.0151466e+20
      18000.0      1000.00   1.8237451e+37   7.3358073e+18
      18000.0      1500.00   2.3869807e+37   1.8105389e+16
      18000.0      2000.00   3.0280718e+37   7.2896835e+13
      18000.0      2500.00   3.4986065e+37   3.1904514e+11
      18000.0      3000.00   3.8902943e+37   1.3776210e+09
      18000.0      3500.00   4.5201967e+37       6153530.8
      18000.0      4000.00   5.0777095e+37       26110.598
      18000.0      5000.00   5.6934686e+37      0.39406576
      18000.0      5500.00   5.9914740e+37    0.0014748766
      18000.0      6000.00   6.2767709e+37   5.3750559e-06
      18000.0      7000.00   6.7309068e+37   6.5122516e-11
      18000.0      8000.00   7.0999554e+37   7.0314513e-16
      18000.0      10000.0   7.1671226e+37   5.3611445e-26
      24000.0      0.00000   5.0006298e+36   1.8504992e+18
      24000.0      50.0000   5.3300420e+36   1.7415791e+18
      24000.0      100.000   5.6205146e+36   1.2995343e+18
      24000.0      150.000   6.1162320e+36   8.5430510e+17
      24000.0      200.000   6.9817573e+36   5.3520628e+17
      24000.0      300.000   8.9504609e+36   1.8160367e+17
      24000.0      400.000   9.4820964e+36   4.8570512e+16
      24000.0      600.000   9.1762258e+36   3.2006025e+15
      24000.0      800.000   9.0763725e+36   2.8291791e+14
      24000.0      1000.00   9.5367881e+36   3.8992308e+13
      24000.0      1500.00   1.0077369e+37   6.0619355e+11
      24000.0      2000.00   7.3897806e+36   7.9071841e+09
      24000.0      2500.00   7.7784821e+36   1.4538251e+08
      24000.0      3000.00   3.1389421e+36       997334.36
      24000.0      3500.00   4.7566907e+36       24969.444
      24000.0      4000.00   9.3577834e+36       788.90113
      24000.0      5000.00   1.8687547e+37      0.37247469
      24000.0      5500.00   2.2395280e+37    0.0065661088
      24000.0      6000.00   2.5302543e+37   0.00010590254
      24000.0      7000.00   2.7310247e+37   2.1263968e-08
      24000.0      8000.00   2.9598111e+37   3.7791851e-12
      24000.0      10000.0   3.2430593e+37   7.5057288e-20
