face-on central tau B
      3.78000
sfr
      1.00000
old
     0.350000
bd
     0.450000
      tau1
      3.17000
   hd [pc]
      5200.00
   zd [pc]
      140.000
 hdin [pc]
      4500.00
 zdin [pc]
      140.000
   hdsolar [pc]
      8000.00
   zdsolar [pc]
      140.000
      tau2
     0.610000
  hd1 [pc]
      3200.00
  zd1 [pc]
      50.0000
hd1in [pc]
      4500.00
zd1in [pc]
      67.0000
  hd1solar [pc]
      8000.00
  zd1solar [pc]
      90.0000
   hs [pc]
      3200.00
   zs [pc]
      140.000
 hsin [pc]
      4500.00
 zsin [pc]
      170.000
   hssolar [pc]
      8000.00
   zssolar [pc]
      300.000
 rtruncate [pc]
      14000.0
  hs1 [pc]
      3200.00
  zs1 [pc]
      50.0000
hs1in [pc]
      4500.00
zs1in [pc]
      67.0000
  hs1solar [pc]
      8000.00
  zs1solar [pc]
      90.0000
rtruncate1 [pc]
      14000.0
   ifinns2
           3
   ifinns1
           3
   ifinnd1
           3
   ifinnd2
           3
    idisk1
           3
    idisk2
           3
nposition in r
          23
nposition in z
          22
          
    r(pc)      z(pc)   urad(erg/pc3/A)        eabs(erg/s/pc3/A)
      0.00000      0.00000   3.0322014e+39   1.1957334e+29
      0.00000      50.0000   2.4296424e+39   7.3954552e+28
      0.00000      100.000   1.7149073e+39   3.3245154e+28
      0.00000      150.000   1.3396650e+39   1.5236870e+28
      0.00000      200.000   1.1571369e+39   7.1479315e+27
      0.00000      300.000   1.0113032e+39   1.6258562e+27
      0.00000      400.000   9.6199648e+38   3.7829989e+26
      0.00000      600.000   9.2919719e+38   2.1119224e+25
      0.00000      800.000   9.1021381e+38   1.1892439e+24
      0.00000      1000.00   8.9850883e+38   6.7394520e+22
      0.00000      1500.00   8.6819701e+38   5.1469484e+19
      0.00000      2000.00   8.4820008e+38   3.9777193e+16
      0.00000      2500.00   8.2282011e+38   3.0477976e+13
      0.00000      3000.00   7.8819285e+38   2.3087161e+10
      0.00000      3500.00   7.4757878e+38       17312232.
      0.00000      4000.00   7.0218543e+38       12850.258
      0.00000      5000.00   6.1259582e+38    0.0070064385
      0.00000      5500.00   5.7251203e+38   5.1759557e-06
      0.00000      6000.00   5.3448781e+38   3.8193822e-09
      0.00000      7000.00   4.5683429e+38   2.0399933e-15
      0.00000      8000.00   3.9480528e+38   1.1006401e-21
      0.00000      10000.0   2.9195191e+38   3.1112363e-34
      50.0000      0.00000   3.0400415e+39   1.2118953e+29
      50.0000      50.0000   2.4339330e+39   7.4921301e+28
      50.0000      100.000   1.7157654e+39   3.3631854e+28
      50.0000      150.000   1.3396279e+39   1.5405218e+28
      50.0000      200.000   1.1556059e+39   7.2178017e+27
      50.0000      300.000   1.0102168e+39   1.6420491e+27
      50.0000      400.000   9.6124951e+38   3.8233110e+26
      50.0000      600.000   9.2680201e+38   2.1298254e+25
      50.0000      800.000   9.1013972e+38   1.2020104e+24
      50.0000      1000.00   8.9824951e+38   6.8141989e+22
      50.0000      1500.00   8.6748708e+38   5.2009283e+19
      50.0000      2000.00   8.4876183e+38   4.0242847e+16
      50.0000      2500.00   8.2121502e+38   3.0761394e+13
      50.0000      3000.00   7.8893983e+38   2.3354158e+10
      50.0000      3500.00   7.4791274e+38       17512432.
      50.0000      4000.00   7.0223851e+38       12998.541
      50.0000      5000.00   6.1241060e+38    0.0070824626
      50.0000      5500.00   5.7254907e+38   5.2340712e-06
      50.0000      6000.00   5.3420693e+38   3.8602804e-09
      50.0000      7000.00   4.5618243e+38   2.0597850e-15
      50.0000      8000.00   3.9518125e+38   1.1133386e-21
      50.0000      10000.0   2.9270137e+38   3.1542642e-34
      100.000      0.00000   3.0538143e+39   1.2304463e+29
      100.000      50.0000   2.4434152e+39   7.6038497e+28
      100.000      100.000   1.7196855e+39   3.4074177e+28
      100.000      150.000   1.3404120e+39   1.5582888e+28
      100.000      200.000   1.1546737e+39   7.2949318e+27
      100.000      300.000   1.0098834e+39   1.6592234e+27
      100.000      400.000   9.6139769e+38   3.8649999e+26
      100.000      600.000   9.2710445e+38   2.1542471e+25
      100.000      800.000   9.1103486e+38   1.2164931e+24
      100.000      1000.00   8.9817542e+38   6.8871434e+22
      100.000      1500.00   8.6726481e+38   5.2560748e+19
      100.000      2000.00   8.4794077e+38   4.0641213e+16
      100.000      2500.00   8.2099276e+38   3.1093025e+13
      100.000      3000.00   7.8684709e+38   2.3553866e+10
      100.000      3500.00   7.4820965e+38       17705162.
      100.000      4000.00   7.0142796e+38       13120.279
      100.000      5000.00   6.1148338e+38    0.0071484183
      100.000      5500.00   5.7249600e+38   5.2909151e-06
      100.000      6000.00   5.3481624e+38   3.9069011e-09
      100.000      7000.00   4.5811094e+38   2.0904230e-15
      100.000      8000.00   3.9541955e+38   1.1264878e-21
      100.000      10000.0   2.9332367e+38   3.1954958e-34
      150.000      0.00000   3.0698651e+39   1.2497813e+29
      150.000      50.0000   2.4545397e+39   7.7225081e+28
      150.000      100.000   1.7245377e+39   3.4549341e+28
      150.000      150.000   1.3420541e+39   1.5775126e+28
      150.000      200.000   1.1554577e+39   7.3765623e+27
      150.000      300.000   1.0090253e+39   1.6766199e+27
      150.000      400.000   9.5982967e+38   3.9013920e+26
      150.000      600.000   9.2617225e+38   2.1761255e+25
      150.000      800.000   9.1096077e+38   1.2299325e+24
      150.000      1000.00   8.9682966e+38   6.9528283e+22
      150.000      1500.00   8.6715367e+38   5.3138697e+19
      150.000      2000.00   8.4764441e+38   4.1057604e+16
      150.000      2500.00   8.2128911e+38   3.1436820e+13
      150.000      3000.00   7.8603211e+38   2.3788573e+10
      150.000      3500.00   7.4841643e+38       17905362.
      150.000      4000.00   7.0021490e+38       13245.041
      150.000      5000.00   6.1086358e+38    0.0072194607
      150.000      5500.00   5.7247996e+38   5.3483948e-06
      150.000      6000.00   5.3498598e+38   3.9507683e-09
      150.000      7000.00   4.5809491e+38   2.1135050e-15
      150.000      8000.00   3.9607640e+38   1.1409826e-21
      150.000      10000.0   2.9380768e+38   3.2360545e-34
      200.000      0.00000   3.0859159e+39   1.2698633e+29
      200.000      50.0000   2.4666703e+39   7.8440804e+28
      200.000      100.000   1.7302111e+39   3.5047286e+28
      200.000      150.000   1.3436591e+39   1.5967365e+28
      200.000      200.000   1.1562047e+39   7.4607362e+27
      200.000      300.000   1.0089882e+39   1.6942757e+27
      200.000      400.000   9.6042845e+38   3.9448832e+26
      200.000      600.000   9.2422770e+38   2.1949297e+25
      200.000      800.000   9.1084964e+38   1.2426991e+24
      200.000      1000.00   8.9679262e+38   7.0267790e+22
      200.000      1500.00   8.6696845e+38   5.3677445e+19
      200.000      2000.00   8.4689743e+38   4.1459675e+16
      200.000      2500.00   8.1975813e+38   3.1736659e+13
      200.000      3000.00   7.8573575e+38   2.4031739e+10
      200.000      3500.00   7.4710273e+38       18068955.
      200.000      4000.00   6.9948396e+38       13370.544
      200.000      5000.00   6.1001598e+38    0.0072865831
      200.000      5500.00   5.7261764e+38   5.4068809e-06
      200.000      6000.00   5.3446679e+38   3.9892835e-09
      200.000      7000.00   4.5817951e+38   2.1365869e-15
      200.000      8000.00   3.9655301e+38   1.1545392e-21
      200.000      10000.0   2.9437750e+38   3.2768355e-34
      300.000      0.00000   3.1202954e+39   1.3101384e+29
      300.000      50.0000   2.4922034e+39   8.0957008e+28
      300.000      100.000   1.7418542e+39   3.6044224e+28
      300.000      150.000   1.3499683e+39   1.6377586e+28
      300.000      200.000   1.1574332e+39   7.6271211e+27
      300.000      300.000   1.0065991e+39   1.7264143e+27
      300.000      400.000   9.5949627e+38   4.0260383e+26
      300.000      600.000   9.2262262e+38   2.2375197e+25
      300.000      800.000   9.1006563e+38   1.2675962e+24
      300.000      1000.00   8.9768777e+38   7.1810886e+22
      300.000      1500.00   8.6835126e+38   5.4912796e+19
      300.000      2000.00   8.4674926e+38   4.2337463e+16
      300.000      2500.00   8.1998647e+38   3.2412637e+13
      300.000      3000.00   7.8506287e+38   2.4530236e+10
      300.000      3500.00   7.4511615e+38       18402439.
      300.000      4000.00   6.9883762e+38       13642.048
      300.000      5000.00   6.0907825e+38    0.0074287729
      300.000      5500.00   5.7228368e+38   5.5185561e-06
      300.000      6000.00   5.3295682e+38   4.0626038e-09
      300.000      7000.00   4.5868211e+38   2.1844921e-15
      300.000      8000.00   3.9819513e+38   1.1838624e-21
      300.000      10000.0   2.9623387e+38   3.3673180e-34
      400.000      0.00000   3.1534032e+39   1.3504505e+29
      400.000      50.0000   2.5181068e+39   8.3532539e+28
      400.000      100.000   1.7543613e+39   3.7071904e+28
      400.000      150.000   1.3549317e+39   1.6787806e+28
      400.000      200.000   1.1554207e+39   7.7732754e+27
      400.000      300.000   1.0060374e+39   1.7613865e+27
      400.000      400.000   9.6016914e+38   4.1127556e+26
      400.000      600.000   9.2225217e+38   2.2832890e+25
      400.000      800.000   9.1036198e+38   1.2943949e+24
      400.000      1000.00   8.9854587e+38   7.3392133e+22
      400.000      1500.00   8.6827717e+38   5.6069745e+19
      400.000      2000.00   8.4600229e+38   4.3183459e+16
      400.000      2500.00   8.2025186e+38   3.3094974e+13
      400.000      3000.00   7.8349484e+38   2.4995890e+10
      400.000      3500.00   7.4505312e+38       18783825.
      400.000      4000.00   6.9698318e+38       13887.376
      400.000      5000.00   6.0818809e+38    0.0075710678
      400.000      5500.00   5.7021749e+38   5.6130139e-06
      400.000      6000.00   5.3352908e+38   4.1512894e-09
      400.000      7000.00   4.6043481e+38   2.2384039e-15
      400.000      8000.00   3.9872480e+38   1.2100124e-21
      400.000      10000.0   2.9801677e+38   3.4578497e-34
      600.000      0.00000   3.2163345e+39   1.4311489e+29
      600.000      50.0000   2.5676359e+39   8.8702125e+28
      600.000      100.000   1.7816846e+39   3.9205113e+28
      600.000      150.000   1.3630312e+39   1.7583986e+28
      600.000      200.000   1.1578839e+39   8.1081686e+27
      600.000      300.000   1.0034631e+39   1.8293615e+27
      600.000      400.000   9.5307595e+38   4.2491069e+26
      600.000      600.000   9.2296210e+38   2.3782168e+25
      600.000      800.000   9.0976927e+38   1.3469610e+24
      600.000      1000.00   8.9884831e+38   7.6415348e+22
      600.000      1500.00   8.6832030e+38   5.8356660e+19
      600.000      2000.00   8.4578002e+38   4.4919960e+16
      600.000      2500.00   8.1615263e+38   3.4260989e+13
      600.000      3000.00   7.8293917e+38   2.5987079e+10
      600.000      3500.00   7.4316826e+38       19499187.
      600.000      4000.00   6.9464661e+38       14411.306
      600.000      5000.00   6.0634416e+38    0.0078567691
      600.000      5500.00   5.6876612e+38   5.8277335e-06
      600.000      6000.00   5.3090114e+38   4.2995723e-09
      600.000      7000.00   4.6145105e+38   2.3349734e-15
      600.000      8000.00   4.0088057e+38   1.2665660e-21
      600.000      10000.0   3.0141469e+38   3.6387594e-34
      800.000      0.00000   3.2759817e+39   1.5118101e+29
      800.000      50.0000   2.6167945e+39   9.3953816e+28
      800.000      100.000   1.8085945e+39   4.1407712e+28
      800.000      150.000   1.3741186e+39   1.8424984e+28
      800.000      200.000   1.1610940e+39   8.4530748e+27
      800.000      300.000   9.9629581e+38   1.8867307e+27
      800.000      400.000   9.5143383e+38   4.4086083e+26
      800.000      600.000   9.2146816e+38   2.4670518e+25
      800.000      800.000   9.1148548e+38   1.4023547e+24
      800.000      1000.00   9.0094104e+38   7.9606481e+22
      800.000      1500.00   8.6798689e+38   6.0623948e+19
      800.000      2000.00   8.4589116e+38   4.6700417e+16
      800.000      2500.00   8.1540566e+38   3.5584307e+13
      800.000      3000.00   7.8253775e+38   2.6982523e+10
      800.000      3500.00   7.4308919e+38       20265974.
      800.000      4000.00   6.9383606e+38       14953.571
      800.000      5000.00   6.0659849e+38    0.0081742622
      800.000      5500.00   5.6801915e+38   6.0481203e-06
      800.000      6000.00   5.3099071e+38   4.4694681e-09
      800.000      7000.00   4.6695519e+38   2.4554391e-15
      800.000      8000.00   4.0066219e+38   1.3153293e-21
      800.000      10000.0   3.0424948e+38   3.8156548e-34
      1000.00      0.00000   3.3329805e+39   1.5930703e+29
      1000.00      50.0000   2.6653173e+39   9.9351197e+28
      1000.00      100.000   1.8364055e+39   4.3661177e+28
      1000.00      150.000   1.3819156e+39   1.9238636e+28
      1000.00      200.000   1.1627731e+39   8.7834120e+27
      1000.00      300.000   9.9383262e+38   1.9532117e+27
      1000.00      400.000   9.4698904e+38   4.5532752e+26
      1000.00      600.000   9.2150520e+38   2.5607079e+25
      1000.00      800.000   9.1294238e+38   1.4579766e+24
      1000.00      1000.00   9.0329309e+38   8.2829904e+22
      1000.00      1500.00   8.7288229e+38   6.3280091e+19
      1000.00      2000.00   8.4373040e+38   4.8338943e+16
      1000.00      2500.00   8.1544878e+38   3.6920893e+13
      1000.00      3000.00   7.8000655e+38   2.7922347e+10
      1000.00      3500.00   7.4137298e+38       20979300.
      1000.00      4000.00   6.9545219e+38       15555.283
      1000.00      5000.00   6.0661951e+38    0.0084808907
      1000.00      5500.00   5.6774879e+38   6.2740140e-06
      1000.00      6000.00   5.3224082e+38   4.6487964e-09
      1000.00      7000.00   4.6616510e+38   2.5434214e-15
      1000.00      8000.00   4.0259460e+38   1.3713709e-21
      1000.00      10000.0   3.0572120e+38   3.9769751e-34
      1500.00      0.00000   3.4588432e+39   1.7915319e+29
      1500.00      50.0000   2.7757651e+39   1.1312461e+29
      1500.00      100.000   1.8931389e+39   4.9261971e+28
      1500.00      150.000   1.4007690e+39   2.1305110e+28
      1500.00      200.000   1.1591124e+39   9.5579237e+27
      1500.00      300.000   9.8827043e+38   2.1186457e+27
      1500.00      400.000   9.5307595e+38   4.9976652e+26
      1500.00      600.000   9.3819180e+38   2.8433186e+25
      1500.00      800.000   9.3033890e+38   1.6201325e+24
      1500.00      1000.00   9.1890539e+38   9.1894244e+22
      1500.00      1500.00   8.7804914e+38   6.9436826e+19
      1500.00      2000.00   8.4771183e+38   5.2960599e+16
      1500.00      2500.00   8.1247912e+38   4.0144534e+13
      1500.00      3000.00   7.7296863e+38   3.0189798e+10
      1500.00      3500.00   7.3638413e+38       22733753.
      1500.00      4000.00   6.9096758e+38       16863.649
      1500.00      5000.00   6.0319814e+38    0.0092007583
      1500.00      5500.00   5.6316080e+38   6.7884233e-06
      1500.00      6000.00   5.2533231e+38   5.0054405e-09
      1500.00      7000.00   4.6409836e+38   2.7627898e-15
      1500.00      8000.00   4.0406533e+38   1.5012825e-21
      1500.00      10000.0   3.0402843e+38   4.3067756e-34
      2000.00      0.00000   3.5652659e+39   1.9855179e+29
      2000.00      50.0000   2.8767306e+39   1.2716287e+29
      2000.00      100.000   1.9544281e+39   5.5280207e+28
      2000.00      150.000   1.4200670e+39   2.3434615e+28
      2000.00      200.000   1.1523526e+39   1.0307804e+28
      2000.00      300.000   9.7502232e+38   2.2650101e+27
      2000.00      400.000   9.3885253e+38   5.3358426e+26
      2000.00      600.000   9.2848726e+38   3.0476880e+25
      2000.00      800.000   9.2343702e+38   1.7415687e+24
      2000.00      1000.00   9.1219480e+38   9.8849758e+22
      2000.00      1500.00   8.7739449e+38   7.5158704e+19
      2000.00      2000.00   8.4482233e+38   5.7178083e+16
      2000.00      2500.00   8.0791046e+38   4.3231553e+13
      2000.00      3000.00   7.6824573e+38   3.2510771e+10
      2000.00      3500.00   7.2605092e+38       24282752.
      2000.00      4000.00   6.8277908e+38       18050.524
      2000.00      5000.00   5.9851007e+38    0.0098899455
      2000.00      5500.00   5.5786290e+38   7.2847139e-06
      2000.00      6000.00   5.2056906e+38   5.3732588e-09
      2000.00      7000.00   4.5892209e+38   2.9595639e-15
      2000.00      8000.00   4.0224794e+38   1.6182789e-21
      2000.00      10000.0   3.0237021e+38   4.6275196e-34
      3000.00      0.00000   3.7207421e+39   2.3537842e+29
      3000.00      50.0000   3.0478319e+39   1.5578078e+29
      3000.00      100.000   2.0544924e+39   6.7591028e+28
      3000.00      150.000   1.4474213e+39   2.7695726e+28
      3000.00      200.000   1.1472410e+39   1.1858740e+28
      3000.00      300.000   9.4859413e+38   2.5438057e+27
      3000.00      400.000   9.1228224e+38   5.9815334e+26
      3000.00      600.000   9.0401576e+38   3.4253924e+25
      3000.00      800.000   8.9984185e+38   1.9592713e+24
      3000.00      1000.00   8.9051931e+38   1.1131676e+23
      3000.00      1500.00   8.6049050e+38   8.5037238e+19
      3000.00      2000.00   8.2645538e+38   6.4570935e+16
      3000.00      2500.00   7.8803134e+38   4.8650877e+13
      3000.00      3000.00   7.4638942e+38   3.6437150e+10
      3000.00      3500.00   7.0399835e+38       27167574.
      3000.00      4000.00   6.6293815e+38       20223.330
      3000.00      5000.00   5.7943439e+38     0.011041325
      3000.00      5500.00   5.3859590e+38   8.1157314e-06
      3000.00      6000.00   5.0376525e+38   5.9993043e-09
      3000.00      7000.00   4.3867038e+38   3.2630351e-15
      3000.00      8000.00   3.8982533e+38   1.8074095e-21
      3000.00      10000.0   2.9991954e+38   5.2488434e-34
      4000.00      0.00000   3.8116449e+39   2.6879364e+29
      4000.00      50.0000   3.1786211e+39   1.8431288e+29
      4000.00      100.000   2.1538159e+39   8.1043427e+28
      4000.00      150.000   1.4788870e+39   3.2269392e+28
      4000.00      200.000   1.1457841e+39   1.3468262e+28
      4000.00      300.000   9.2580181e+38   2.8166742e+27
      4000.00      400.000   8.8753261e+38   6.5972178e+26
      4000.00      600.000   8.8423503e+38   3.7966164e+25
      4000.00      800.000   8.7669004e+38   2.1628277e+24
      4000.00      1000.00   8.6055185e+38   1.2188404e+23
      4000.00      1500.00   8.2307156e+38   9.2139419e+19
      4000.00      2000.00   7.8602425e+38   6.9572091e+16
      4000.00      2500.00   7.5302090e+38   5.2704363e+13
      4000.00      3000.00   7.1149236e+38   3.9358239e+10
      4000.00      3500.00   6.7103314e+38       29349489.
      4000.00      4000.00   6.2826613e+38       21718.785
      4000.00      5000.00   5.5086864e+38     0.011900142
      4000.00      5500.00   5.1313804e+38   8.7638595e-06
      4000.00      6000.00   4.8046097e+38   6.4840060e-09
      4000.00      7000.00   4.1868629e+38   3.5268083e-15
      4000.00      8000.00   3.7347104e+38   1.9575933e-21
      4000.00      10000.0   2.9561327e+38   5.7696996e-34
      4500.00      0.00000   3.8090074e+39   2.8215951e+29
      4500.00      50.0000   3.2035292e+39   1.9668794e+29
      4500.00      100.000   2.1772920e+39   8.7108103e+28
      4500.00      150.000   1.4875470e+39   3.4481221e+28
      4500.00      200.000   1.1372080e+39   1.4183739e+28
      4500.00      300.000   9.0873081e+38   2.9283823e+27
      4500.00      400.000   8.6572657e+38   6.8131366e+26
      4500.00      600.000   8.5912592e+38   3.9062397e+25
      4500.00      800.000   8.5232790e+38   2.2259632e+24
      4500.00      1000.00   8.3707271e+38   1.2559455e+23
      4500.00      1500.00   8.0700686e+38   9.5751848e+19
      4500.00      2000.00   7.7045995e+38   7.2239395e+16
      4500.00      2500.00   7.2366946e+38   5.3633123e+13
      4500.00      3000.00   6.8625896e+38   4.0200859e+10
      4500.00      3500.00   6.4722347e+38       29971613.
      4500.00      4000.00   6.0918766e+38       22301.155
      4500.00      5000.00   5.3211141e+38     0.012167624
      4500.00      5500.00   4.9808913e+38   9.0069592e-06
      4500.00      6000.00   4.6855310e+38   6.6939262e-09
      4500.00      7000.00   4.1078255e+38   3.6612187e-15
      4500.00      8000.00   3.6428069e+38   2.0178744e-21
      4500.00      10000.0   2.9054930e+38   5.9326675e-34
      5000.00      0.00000   3.2160120e+39   2.1236052e+29
      5000.00      50.0000   2.7537967e+39   1.5228419e+29
      5000.00      100.000   1.9597586e+39   7.1272380e+28
      5000.00      150.000   1.3862938e+39   2.9258157e+28
      5000.00      200.000   1.0847701e+39   1.2312384e+28
      5000.00      300.000   8.6869754e+38   2.5449212e+27
      5000.00      400.000   8.3002145e+38   5.9375797e+26
      5000.00      600.000   8.2579834e+38   3.4097818e+25
      5000.00      800.000   8.1981590e+38   1.9451861e+24
      5000.00      1000.00   8.0685141e+38   1.0991205e+23
      5000.00      1500.00   7.8076818e+38   8.4165542e+19
      5000.00      2000.00   7.4178966e+38   6.3138393e+16
      5000.00      2500.00   6.9547357e+38   4.6810802e+13
      5000.00      3000.00   6.5279669e+38   3.4737241e+10
      5000.00      3500.00   6.1796937e+38       25993695.
      5000.00      4000.00   5.8281473e+38       19376.352
      5000.00      5000.00   5.1438866e+38     0.010682197
      5000.00      5500.00   4.8154185e+38   7.9038470e-06
      5000.00      6000.00   4.5393380e+38   5.8881649e-09
      5000.00      7000.00   3.9881054e+38   3.2248461e-15
      5000.00      8000.00   3.5416809e+38   1.7763501e-21
      5000.00      10000.0   2.8535815e+38   5.2109422e-34
      6000.00      0.00000   2.3471766e+39   1.2373426e+29
      6000.00      50.0000   2.0757571e+39   9.3131580e+28
      6000.00      100.000   1.5723094e+39   4.7181998e+28
      6000.00      150.000   1.1872032e+39   2.0758864e+28
      6000.00      200.000   9.6731187e+38   9.0953641e+27
      6000.00      300.000   7.9480650e+38   1.9237466e+27
      6000.00      400.000   7.5702008e+38   4.4710416e+26
      6000.00      600.000   7.5017406e+38   2.5565119e+25
      6000.00      800.000   7.4534668e+38   1.4592282e+24
      6000.00      1000.00   7.3685853e+38   8.2837708e+22
      6000.00      1500.00   7.0660376e+38   6.2773727e+19
      6000.00      2000.00   6.6693198e+38   4.6851702e+16
      6000.00      2500.00   6.2812106e+38   3.4877808e+13
      6000.00      3000.00   5.9232564e+38   2.5999484e+10
      6000.00      3500.00   5.5795671e+38       19360011.
      6000.00      4000.00   5.2271364e+38       14332.931
      6000.00      5000.00   4.6813944e+38    0.0080193971
      6000.00      5500.00   4.3928072e+38   5.9433438e-06
      6000.00      6000.00   4.1279009e+38   4.4093778e-09
      6000.00      7000.00   3.6986002e+38   2.4556463e-15
      6000.00      8000.00   3.3197073e+38   1.3580172e-21
      6000.00      10000.0   2.7222683e+38   3.9161558e-34
      8000.00      0.00000   1.3513011e+39   4.6054743e+28
      8000.00      50.0000   1.2795660e+39   3.7879026e+28
      8000.00      100.000   1.0371966e+39   2.1063122e+28
      8000.00      150.000   8.5157111e+38   1.0182461e+28
      8000.00      200.000   7.3639782e+38   4.7433525e+27
      8000.00      300.000   6.3218450e+38   1.0471170e+27
      8000.00      400.000   6.0362372e+38   2.4309551e+26
      8000.00      600.000   5.8756365e+38   1.3621085e+25
      8000.00      800.000   5.7243025e+38   7.6209993e+23
      8000.00      1000.00   5.6006368e+38   4.2808496e+22
      8000.00      1500.00   5.2565118e+38   3.1753380e+19
      8000.00      2000.00   4.8698770e+38   2.3242959e+16
      8000.00      2500.00   4.6275228e+38   1.7452692e+13
      8000.00      3000.00   4.4220898e+38   1.3174727e+10
      8000.00      3500.00   4.1985857e+38       9876933.7
      8000.00      4000.00   4.0015327e+38       7429.1268
      8000.00      5000.00   3.6492112e+38    0.0042123844
      8000.00      5500.00   3.4933013e+38   3.1733231e-06
      8000.00      6000.00   3.3454234e+38   2.3862784e-09
      8000.00      7000.00   3.0466980e+38   1.3262582e-15
      8000.00      8000.00   2.7901650e+38   7.2441504e-22
      8000.00      10000.0   2.3605600e+38   1.9059418e-34
      10000.0      0.00000   7.9070990e+38   1.7349615e+28
      10000.0      50.0000   7.6575298e+38   1.4739325e+28
      10000.0      100.000   6.7746297e+38   9.0967934e+27
      10000.0      150.000   5.7902907e+38   4.6266024e+27
      10000.0      200.000   5.1458852e+38   2.2252131e+27
      10000.0      300.000   4.5123225e+38   5.0231542e+26
      10000.0      400.000   4.2806637e+38   1.1574896e+26
      10000.0      600.000   4.0826699e+38   6.3319792e+24
      10000.0      800.000   3.9474353e+38   3.5061762e+23
      10000.0      1000.00   3.8237993e+38   1.9476294e+22
      10000.0      1500.00   3.5215552e+38   1.4142989e+19
      10000.0      2000.00   3.2985350e+38   1.0443797e+16
      10000.0      2500.00   3.1268688e+38   7.7958033e+12
      10000.0      3000.00   3.0101547e+38   5.9013764e+09
      10000.0      3500.00   2.9141579e+38       4484574.0
      10000.0      4000.00   2.8446938e+38       3428.6310
      10000.0      5000.00   2.6794891e+38    0.0019633763
      10000.0      5500.00   2.6110720e+38   1.4817293e-06
      10000.0      6000.00   2.5164308e+38   1.1003968e-09
      10000.0      7000.00   2.3708205e+38   6.0072787e-16
      10000.0      8000.00   2.2007636e+38   3.0988666e-22
      10000.0      10000.0   1.9382488e+38   6.9149072e-35
      12000.0      0.00000   4.2458021e+38   5.3430748e+27
      12000.0      50.0000   4.1413618e+38   4.5916059e+27
      12000.0      100.000   3.8159973e+38   2.9779027e+27
      12000.0      150.000   3.4543939e+38   1.6163828e+27
      12000.0      200.000   3.1591249e+38   8.0443085e+26
      12000.0      300.000   2.7915534e+38   1.8408551e+26
      12000.0      400.000   2.6137690e+38   4.1933831e+25
      12000.0      600.000   2.4324881e+38   2.2350552e+24
      12000.0      800.000   2.3320440e+38   1.2227066e+23
      12000.0      1000.00   2.2702250e+38   6.7978435e+21
      12000.0      1500.00   2.1418915e+38   5.0086326e+18
      12000.0      2000.00   2.0307405e+38   3.7051578e+15
      12000.0      2500.00   1.9375750e+38   2.7502975e+12
      12000.0      3000.00   1.9146734e+38   2.1066043e+09
      12000.0      3500.00   1.9054892e+38       1616990.7
      12000.0      4000.00   1.8977182e+38       1234.5243
      12000.0      5000.00   1.8534332e+38   0.00069470007
      12000.0      5500.00   1.8274142e+38   5.1284310e-07
      12000.0      6000.00   1.8046607e+38   3.7547070e-10
      12000.0      7000.00   1.7487186e+38   1.9254332e-16
      12000.0      8000.00   1.6704937e+38   9.1591553e-23
      12000.0      10000.0   1.5312497e+38   1.6322317e-35
      15000.0      0.00000   9.2095218e+37   2.3195526e+26
      15000.0      50.0000   9.0314958e+37   2.0079179e+26
      15000.0      100.000   8.6628547e+37   1.3636679e+26
      15000.0      150.000   8.2370774e+37   7.8236335e+25
      15000.0      200.000   7.8561798e+37   4.0852140e+25
      15000.0      300.000   7.3262295e+37   9.9677521e+24
      15000.0      400.000   7.0540948e+37   2.3585921e+24
      15000.0      600.000   6.7210896e+37   1.3077996e+23
      15000.0      800.000   6.5650792e+37   7.3937918e+21
      15000.0      1000.00   6.7461942e+37   4.4101925e+20
      15000.0      1500.00   7.2605254e+37   3.8828137e+17
      15000.0      2000.00   7.9394747e+37   3.5724406e+14
      15000.0      2500.00   8.2170661e+37   3.2407832e+11
      15000.0      3000.00   8.5790578e+37   3.1394338e+08
      15000.0      3500.00   8.8532098e+37       320457.82
      15000.0      4000.00   9.1467417e+37       348.50408
      15000.0      5000.00   9.8310288e+37   0.00047343430
      15000.0      5500.00   1.0181729e+38   5.6912095e-07
      15000.0      6000.00   1.0412173e+38   6.7840274e-10
      15000.0      7000.00   1.0411055e+38   8.9947978e-16
      15000.0      8000.00   1.0500510e+38   1.1310311e-21
      15000.0      10000.0   9.8739517e+37   1.2510846e-33
      18000.0      0.00000   1.2817835e+37   1.2747860e+24
      18000.0      50.0000   1.2995981e+37   1.1412037e+24
      18000.0      100.000   1.3345709e+37   8.3013127e+23
      18000.0      150.000   1.4039664e+37   5.2831638e+23
      18000.0      200.000   1.5009114e+37   3.1023499e+23
      18000.0      300.000   1.6954603e+37   9.2479695e+22
      18000.0      400.000   1.7513202e+37   2.3764284e+22
      18000.0      600.000   1.6679394e+37   1.3781125e+21
      18000.0      800.000   1.5340754e+37   8.0182365e+19
      18000.0      1000.00   1.6292951e+37   5.7819448e+18
      18000.0      1500.00   2.0948580e+37   1.4022802e+16
      18000.0      2000.00   2.6439116e+37   5.6178361e+13
      18000.0      2500.00   3.0377811e+37   2.4456345e+11
      18000.0      3000.00   3.4142543e+37   1.0677105e+09
      18000.0      3500.00   4.0047255e+37       4812582.2
      18000.0      4000.00   4.4703983e+37       20294.259
      18000.0      5000.00   5.1116090e+37      0.31226540
      18000.0      5500.00   5.3781506e+37    0.0011684495
      18000.0      6000.00   5.6271701e+37   4.2535525e-06
      18000.0      7000.00   6.0198598e+37   5.1407128e-11
      18000.0      8000.00   6.3272898e+37   5.5312795e-16
      18000.0      10000.0   6.3482001e+37   4.1913429e-26
      24000.0      0.00000   4.4184988e+36   1.4433590e+18
      24000.0      50.0000   4.7463374e+36   1.3688175e+18
      24000.0      100.000   5.0414756e+36   1.0291582e+18
      24000.0      150.000   5.4877395e+36   6.7682321e+17
      24000.0      200.000   6.2456405e+36   4.2256845e+17
      24000.0      300.000   8.0215215e+36   1.4362352e+17
      24000.0      400.000   8.4933306e+36   3.8404908e+16
      24000.0      600.000   8.0876042e+36   2.4893754e+15
      24000.0      800.000   8.0795722e+36   2.2241146e+14
      24000.0      1000.00   8.6947451e+36   3.1375317e+13
      24000.0      1500.00   9.4040465e+36   4.9921772e+11
      24000.0      2000.00   6.9033278e+36   6.5190949e+09
      24000.0      2500.00   7.0387924e+36   1.1616550e+08
      24000.0      3000.00   2.6214110e+36       735165.26
      24000.0      3500.00   3.9908340e+36       18494.575
      24000.0      4000.00   7.9776219e+36       593.61401
      24000.0      5000.00   1.6447372e+37      0.28929579
      24000.0      5500.00   1.9979931e+37    0.0051714998
      24000.0      6000.00   2.2852596e+37   8.4464708e-05
      24000.0      7000.00   2.4997236e+37   1.7173847e-08
      24000.0      8000.00   2.7094929e+37   3.0539354e-12
      24000.0      10000.0   2.8520431e+37   5.8269212e-20
