face-on central tau B
      3.78000
sfr
      1.00000
old
     0.350000
bd
     0.450000
      tau1
      3.17000
   hd [pc]
      5200.00
   zd [pc]
      140.000
 hdin [pc]
      4500.00
 zdin [pc]
      140.000
   hdsolar [pc]
      8000.00
   zdsolar [pc]
      140.000
      tau2
     0.610000
  hd1 [pc]
      3200.00
  zd1 [pc]
      50.0000
hd1in [pc]
      4500.00
zd1in [pc]
      67.0000
  hd1solar [pc]
      8000.00
  zd1solar [pc]
      90.0000
   hs [pc]
      3200.00
   zs [pc]
      140.000
 hsin [pc]
      4500.00
 zsin [pc]
      170.000
   hssolar [pc]
      8000.00
   zssolar [pc]
      300.000
 rtruncate [pc]
      14000.0
  hs1 [pc]
      3200.00
  zs1 [pc]
      50.0000
hs1in [pc]
      4500.00
zs1in [pc]
      67.0000
  hs1solar [pc]
      8000.00
  zs1solar [pc]
      90.0000
rtruncate1 [pc]
      14000.0
   ifinns2
           3
   ifinns1
           3
   ifinnd1
           3
   ifinnd2
           3
    idisk1
           3
    idisk2
           3
nposition in r
          23
nposition in z
          22
          
    r(pc)      z(pc)   urad(erg/pc3/A)        eabs(erg/s/pc3/A)
      0.00000      0.00000   2.1613113e+39   8.1945267e+28
      0.00000      50.0000   1.7274575e+39   5.0579920e+28
      0.00000      100.000   1.2177548e+39   2.2708337e+28
      0.00000      150.000   9.3113465e+38   1.0183114e+28
      0.00000      200.000   7.8430723e+38   4.6612949e+27
      0.00000      300.000   6.7268380e+38   1.0403075e+27
      0.00000      400.000   6.3468888e+38   2.4013171e+26
      0.00000      600.000   6.1016246e+38   1.3338567e+25
      0.00000      800.000   6.0093653e+38   7.5468714e+23
      0.00000      1000.00   5.9072362e+38   4.2618390e+22
      0.00000      1500.00   5.7149953e+38   3.2595517e+19
      0.00000      2000.00   5.5907644e+38   2.5204493e+16
      0.00000      2500.00   5.4400452e+38   1.9388712e+13
      0.00000      3000.00   5.2330749e+38   1.4743838e+10
      0.00000      3500.00   5.0038529e+38       11145414.
      0.00000      4000.00   4.7033690e+38       8278.3482
      0.00000      5000.00   4.1183634e+38    0.0045307502
      0.00000      5500.00   3.8341350e+38   3.3339967e-06
      0.00000      6000.00   3.5938470e+38   2.4707046e-09
      0.00000      7000.00   3.1180599e+38   1.3390925e-15
      0.00000      8000.00   2.6856577e+38   7.2022173e-22
      0.00000      10000.0   2.0259657e+38   2.0768304e-34
      50.0000      0.00000   2.1668391e+39   8.3099879e+28
      50.0000      50.0000   1.7306146e+39   5.1239966e+28
      50.0000      100.000   1.2189402e+39   2.2979209e+28
      50.0000      150.000   9.2979436e+38   1.0285431e+28
      50.0000      200.000   7.8389410e+38   4.7115729e+27
      50.0000      300.000   6.7276127e+38   1.0515062e+27
      50.0000      400.000   6.3437318e+38   2.4270899e+26
      50.0000      600.000   6.1035140e+38   1.3493320e+25
      50.0000      800.000   6.0133321e+38   7.6405499e+23
      50.0000      1000.00   5.9079756e+38   4.3099342e+22
      50.0000      1500.00   5.7118734e+38   3.2942910e+19
      50.0000      2000.00   5.5904828e+38   2.5485928e+16
      50.0000      2500.00   5.4345409e+38   1.9586115e+13
      50.0000      3000.00   5.2346826e+38   1.4912886e+10
      50.0000      3500.00   5.0028083e+38       11267049.
      50.0000      4000.00   4.7060565e+38       8376.6506
      50.0000      5000.00   4.1186216e+38    0.0045815680
      50.0000      5500.00   3.8325741e+38   3.3698274e-06
      50.0000      6000.00   3.5919928e+38   2.4965125e-09
      50.0000      7000.00   3.1183064e+38   1.3541031e-15
      50.0000      8000.00   2.6867023e+38   7.2851923e-22
      50.0000      10000.0   2.0300524e+38   2.1040818e-34
      100.000      0.00000   2.1770965e+39   8.4391099e+28
      100.000      50.0000   1.7374568e+39   5.2000122e+28
      100.000      100.000   1.2214916e+39   2.3281652e+28
      100.000      150.000   9.2966525e+38   1.0394062e+28
      100.000      200.000   7.8358425e+38   4.7602547e+27
      100.000      300.000   6.7004317e+38   1.0592780e+27
      100.000      400.000   6.3447060e+38   2.4538838e+26
      100.000      600.000   6.1008851e+38   1.3635329e+25
      100.000      800.000   6.0120176e+38   7.7183847e+23
      100.000      1000.00   5.9148179e+38   4.3625360e+22
      100.000      1500.00   5.7113569e+38   3.3298048e+19
      100.000      2000.00   5.5973718e+38   2.5796585e+16
      100.000      2500.00   5.4348226e+38   1.9799363e+13
      100.000      3000.00   5.2288967e+38   1.5060034e+10
      100.000      3500.00   5.0004493e+38       11382885.
      100.000      4000.00   4.6984280e+38       8455.3770
      100.000      5000.00   4.1183518e+38    0.0046315994
      100.000      5500.00   3.8275393e+38   3.4024658e-06
      100.000      6000.00   3.5845989e+38   2.5188817e-09
      100.000      7000.00   3.1190810e+38   1.3691395e-15
      100.000      8000.00   2.6884299e+38   7.3686836e-22
      100.000      10000.0   2.0357750e+38   2.1330210e-34
      150.000      0.00000   2.1881404e+39   8.5690068e+28
      150.000      50.0000   1.7456135e+39   5.2815439e+28
      150.000      100.000   1.2247262e+39   2.3605103e+28
      150.000      150.000   9.2979436e+38   1.0511072e+28
      150.000      200.000   7.8199987e+38   4.8033503e+27
      150.000      300.000   6.6939765e+38   1.0693406e+27
      150.000      400.000   6.3352115e+38   2.4770160e+26
      150.000      600.000   6.1003335e+38   1.3785717e+25
      150.000      800.000   6.0051285e+38   7.7980269e+23
      150.000      1000.00   5.9114260e+38   4.4075327e+22
      150.000      1500.00   5.7113687e+38   3.3658468e+19
      150.000      2000.00   5.5955292e+38   2.6067575e+16
      150.000      2500.00   5.4298463e+38   1.9996766e+13
      150.000      3000.00   5.2304810e+38   1.5226900e+10
      150.000      3500.00   5.0046158e+38       11516772.
      150.000      4000.00   4.6934751e+38       8536.0280
      150.000      5000.00   4.1065099e+38    0.0046676882
      150.000      5500.00   3.8275275e+38   3.4395874e-06
      150.000      6000.00   3.5801158e+38   2.5431170e-09
      150.000      7000.00   3.1140463e+38   1.3820894e-15
      150.000      8000.00   2.6906857e+38   7.4519167e-22
      150.000      10000.0   2.0413944e+38   2.1624108e-34
      200.000      0.00000   2.1991841e+39   8.7049593e+28
      200.000      50.0000   1.7540284e+39   5.3654345e+28
      200.000      100.000   1.2280639e+39   2.3928553e+28
      200.000      150.000   9.3077315e+38   1.0636579e+28
      200.000      200.000   7.8073705e+38   4.8469974e+27
      200.000      300.000   6.6816066e+38   1.0790441e+27
      200.000      400.000   6.3312916e+38   2.5020141e+26
      200.000      600.000   6.0984910e+38   1.3927726e+25
      200.000      800.000   6.0038141e+38   7.8758617e+23
      200.000      1000.00   5.9056869e+38   4.4504403e+22
      200.000      1500.00   5.7076952e+38   3.4003161e+19
      200.000      2000.00   5.5934285e+38   2.6338564e+16
      200.000      2500.00   5.4266541e+38   2.0201915e+13
      200.000      3000.00   5.2289084e+38   1.5386160e+10
      200.000      3500.00   5.0072564e+38       11644462.
      200.000      4000.00   4.6845321e+38       8613.9799
      200.000      5000.00   4.0823215e+38    0.0046909024
      200.000      5500.00   3.8295581e+38   3.4777068e-06
      200.000      6000.00   3.5764306e+38   2.5681385e-09
      200.000      7000.00   3.1084834e+38   1.3945367e-15
      200.000      8000.00   2.6926715e+38   7.5412057e-22
      200.000      10000.0   2.0455067e+38   2.1897656e-34
      300.000      0.00000   2.2241706e+39   8.9824041e+28
      300.000      50.0000   1.7727007e+39   5.5390017e+28
      300.000      100.000   1.2357700e+39   2.4599163e+28
      300.000      150.000   9.3287395e+38   1.0889800e+28
      300.000      200.000   7.7855879e+38   4.9345966e+27
      300.000      300.000   6.6639554e+38   1.0997915e+27
      300.000      400.000   6.3092508e+38   2.5462128e+26
      300.000      600.000   6.0768496e+38   1.4175290e+25
      300.000      800.000   5.9790976e+38   8.0105233e+23
      300.000      1000.00   5.9046424e+38   4.5443419e+22
      300.000      1500.00   5.7108523e+38   3.4744891e+19
      300.000      2000.00   5.5913394e+38   2.6888524e+16
      300.000      2500.00   5.4282970e+38   2.0636390e+13
      300.000      3000.00   5.2294482e+38   1.5717309e+10
      300.000      3500.00   4.9689257e+38       11803698.
      300.000      4000.00   4.6805770e+38       8790.6335
      300.000      5000.00   4.0733550e+38    0.0047793699
      300.000      5500.00   3.8504015e+38   3.5717606e-06
      300.000      6000.00   3.5669361e+38   2.6155410e-09
      300.000      7000.00   3.1044814e+38   1.4221755e-15
      300.000      8000.00   2.6984081e+38   7.7155353e-22
      300.000      10000.0   2.0663222e+38   2.2595914e-34
      400.000      0.00000   2.2473145e+39   9.2595907e+28
      400.000      50.0000   1.7913731e+39   5.7146699e+28
      400.000      100.000   1.2453960e+39   2.5303924e+28
      400.000      150.000   9.3363446e+38   1.1124079e+28
      400.000      200.000   7.7903528e+38   5.0405983e+27
      400.000      300.000   6.6169164e+38   1.1144172e+27
      400.000      400.000   6.2789597e+38   2.5872193e+26
      400.000      600.000   6.0637752e+38   1.4435576e+25
      400.000      800.000   5.9754711e+38   8.1733987e+23
      400.000      1000.00   5.9112498e+38   4.6443111e+22
      400.000      1500.00   5.7193140e+38   3.5518543e+19
      400.000      2000.00   5.5884523e+38   2.7435784e+16
      400.000      2500.00   5.4359959e+38   2.1097154e+13
      400.000      3000.00   5.2133462e+38   1.5991139e+10
      400.000      3500.00   4.9558279e+38       12016288.
      400.000      4000.00   4.6745446e+38       8959.1652
      400.000      5000.00   4.0778499e+38    0.0048844676
      400.000      5500.00   3.8325155e+38   3.6286694e-06
      400.000      6000.00   3.5640372e+38   2.6676967e-09
      400.000      7000.00   3.1047046e+38   1.4518752e-15
      400.000      8000.00   2.7062949e+38   7.8991364e-22
      400.000      10000.0   2.0802955e+38   2.3215962e-34
      600.000      0.00000   2.2914898e+39   9.8102318e+28
      600.000      50.0000   1.8276615e+39   6.0717803e+28
      600.000      100.000   1.2579092e+39   2.6629298e+28
      600.000      150.000   9.3331290e+38   1.1579234e+28
      600.000      200.000   7.7598152e+38   5.2267704e+27
      600.000      300.000   6.5457950e+38   1.1477176e+27
      600.000      400.000   6.2040120e+38   2.6603243e+26
      600.000      600.000   6.0053171e+38   1.4885075e+25
      600.000      800.000   5.9469405e+38   8.4656784e+23
      600.000      1000.00   5.8956760e+38   4.8210120e+22
      600.000      1500.00   5.7093264e+38   3.6904827e+19
      600.000      2000.00   5.5808120e+38   2.8514461e+16
      600.000      2500.00   5.4079227e+38   2.1844867e+13
      600.000      3000.00   5.2095317e+38   1.6636654e+10
      600.000      3500.00   4.9392915e+38       12468672.
      600.000      4000.00   4.6647801e+38       9307.4492
      600.000      5000.00   4.0762539e+38    0.0050819528
      600.000      5500.00   3.8199458e+38   3.7646332e-06
      600.000      6000.00   3.5569251e+38   2.7706819e-09
      600.000      7000.00   3.1304539e+38   1.5236303e-15
      600.000      8000.00   2.7314459e+38   8.2997404e-22
      600.000      10000.0   2.0911024e+38   2.4285437e-34
      800.000      0.00000   2.3346204e+39   1.0365379e+29
      800.000      50.0000   1.8626356e+39   6.4341485e+28
      800.000      100.000   1.2714270e+39   2.7996804e+28
      800.000      150.000   9.3505220e+38   1.2060796e+28
      800.000      200.000   7.7256625e+38   5.4077197e+27
      800.000      300.000   6.5011971e+38   1.1841844e+27
      800.000      400.000   6.1883321e+38   2.7576763e+26
      800.000      600.000   5.9906936e+38   1.5424471e+25
      800.000      800.000   5.9241954e+38   8.7635907e+23
      800.000      1000.00   5.8670628e+38   4.9859648e+22
      800.000      1500.00   5.7067912e+38   3.8331130e+19
      800.000      2000.00   5.5869030e+38   2.9664377e+16
      800.000      2500.00   5.4060566e+38   2.2692106e+13
      800.000      3000.00   5.1930655e+38   1.7233464e+10
      800.000      3500.00   4.9306535e+38       12933425.
      800.000      4000.00   4.6661180e+38       9675.8252
      800.000      5000.00   4.0699164e+38    0.0052736402
      800.000      5500.00   3.8236076e+38   3.9157837e-06
      800.000      6000.00   3.5658095e+38   2.8870464e-09
      800.000      7000.00   3.1556284e+38   1.5961484e-15
      800.000      8000.00   2.7606457e+38   8.7174553e-22
      800.000      10000.0   2.1002027e+38   2.5336554e-34
      1000.00      0.00000   2.3740660e+39   1.0914988e+29
      1000.00      50.0000   1.8968232e+39   6.8052133e+28
      1000.00      100.000   1.2882826e+39   2.9469469e+28
      1000.00      150.000   9.3578690e+38   1.2532827e+28
      1000.00      200.000   7.6764409e+38   5.5796909e+27
      1000.00      300.000   6.4870196e+38   1.2264255e+27
      1000.00      400.000   6.1759738e+38   2.8562959e+26
      1000.00      600.000   5.9980639e+38   1.6029357e+25
      1000.00      800.000   5.9462947e+38   9.1286581e+23
      1000.00      1000.00   5.8889743e+38   5.1930271e+22
      1000.00      1500.00   5.7229049e+38   3.9891461e+19
      1000.00      2000.00   5.5749083e+38   3.0722631e+16
      1000.00      2500.00   5.4033100e+38   2.3534882e+13
      1000.00      3000.00   5.1861055e+38   1.7855647e+10
      1000.00      3500.00   4.9317450e+38       13423694.
      1000.00      4000.00   4.6656367e+38       10036.596
      1000.00      5000.00   4.0749160e+38    0.0054793055
      1000.00      5500.00   3.8246170e+38   4.0650683e-06
      1000.00      6000.00   3.5742127e+38   3.0029179e-09
      1000.00      7000.00   3.1497721e+38   1.6532803e-15
      1000.00      8000.00   2.7663731e+38   9.0623825e-22
      1000.00      10000.0   2.0877226e+38   2.6121495e-34
      1500.00      0.00000   2.4624280e+39   1.2266651e+29
      1500.00      50.0000   1.9741416e+39   7.7353574e+28
      1500.00      100.000   1.3206018e+39   3.3040690e+28
      1500.00      150.000   9.3962699e+38   1.3746214e+28
      1500.00      200.000   7.5910010e+38   6.0217833e+27
      1500.00      300.000   6.4928172e+38   1.3391427e+27
      1500.00      400.000   6.2487739e+38   3.1526595e+26
      1500.00      600.000   6.1748116e+38   1.8001867e+25
      1500.00      800.000   6.1117521e+38   1.0236747e+24
      1500.00      1000.00   6.0261002e+38   5.7972671e+22
      1500.00      1500.00   5.8012672e+38   4.4115211e+19
      1500.00      2000.00   5.6233197e+38   3.3805148e+16
      1500.00      2500.00   5.4232377e+38   2.5770044e+13
      1500.00      3000.00   5.1652850e+38   1.9405012e+10
      1500.00      3500.00   4.9116053e+38       14583959.
      1500.00      4000.00   4.6257567e+38       10857.848
      1500.00      5000.00   4.0621467e+38    0.0059579896
      1500.00      5500.00   3.7800899e+38   4.3826735e-06
      1500.00      6000.00   3.5381473e+38   3.2431461e-09
      1500.00      7000.00   3.0978747e+38   1.7739026e-15
      1500.00      8000.00   2.7195812e+38   9.7183665e-22
      1500.00      10000.0   2.0756246e+38   2.8279636e-34
      2000.00      0.00000   2.5366011e+39   1.3588927e+29
      2000.00      50.0000   2.0430333e+39   8.6862513e+28
      2000.00      100.000   1.3492758e+39   3.6711435e+28
      2000.00      150.000   9.3927960e+38   1.4913478e+28
      2000.00      200.000   7.6104597e+38   6.5459122e+27
      2000.00      300.000   6.4465413e+38   1.4403654e+27
      2000.00      400.000   6.1946697e+38   3.3859642e+26
      2000.00      600.000   6.1295568e+38   1.9356229e+25
      2000.00      800.000   6.1057898e+38   1.1081169e+24
      2000.00      1000.00   6.0346907e+38   6.2895666e+22
      2000.00      1500.00   5.7955041e+38   4.7747804e+19
      2000.00      2000.00   5.6002571e+38   3.6470206e+16
      2000.00      2500.00   5.3609527e+38   2.7598308e+13
      2000.00      3000.00   5.1108165e+38   2.0795986e+10
      2000.00      3500.00   4.8542731e+38       15616977.
      2000.00      4000.00   4.5649391e+38       11606.265
      2000.00      5000.00   3.9876335e+38    0.0063345926
      2000.00      5500.00   3.7211154e+38   4.6745059e-06
      2000.00      6000.00   3.4933502e+38   3.4683287e-09
      2000.00      7000.00   3.0749070e+38   1.9073479e-15
      2000.00      8000.00   2.6984211e+38   1.0440941e-21
      2000.00      10000.0   2.0505208e+38   3.0185708e-34
      3000.00      0.00000   2.6330965e+39   1.6019972e+29
      3000.00      50.0000   2.1558421e+39   1.0600667e+29
      3000.00      100.000   1.3972020e+39   4.4216293e+28
      3000.00      150.000   9.5349217e+38   1.7548733e+28
      3000.00      200.000   7.6551747e+38   7.6157410e+27
      3000.00      300.000   6.3474286e+38   1.6370883e+27
      3000.00      400.000   6.0808632e+38   3.8354504e+26
      3000.00      600.000   6.0130504e+38   2.1913437e+25
      3000.00      800.000   5.9899523e+38   1.2542258e+24
      3000.00      1000.00   5.9424777e+38   7.1456998e+22
      3000.00      1500.00   5.7387685e+38   5.4551156e+19
      3000.00      2000.00   5.4997105e+38   4.1322178e+16
      3000.00      2500.00   5.2480836e+38   3.1172093e+13
      3000.00      3000.00   4.9767755e+38   2.3368674e+10
      3000.00      3500.00   4.6959851e+38       17431812.
      3000.00      4000.00   4.4266502e+38       12987.379
      3000.00      5000.00   3.8607059e+38    0.0070772115
      3000.00      5500.00   3.6056426e+38   5.2254144e-06
      3000.00      6000.00   3.3754013e+38   3.8666318e-09
      3000.00      7000.00   2.9589529e+38   2.1168950e-15
      3000.00      8000.00   2.6134157e+38   1.1654721e-21
      3000.00      10000.0   2.0372966e+38   3.4297953e-34
      4000.00      0.00000   2.6830812e+39   1.8200096e+29
      4000.00      50.0000   2.2294636e+39   1.2434291e+29
      4000.00      100.000   1.4455530e+39   5.2310311e+28
      4000.00      150.000   9.8389139e+38   2.0651913e+28
      4000.00      200.000   7.7478204e+38   8.7600478e+27
      4000.00      300.000   6.2608499e+38   1.8317571e+27
      4000.00      400.000   5.9598263e+38   4.2605128e+26
      4000.00      600.000   5.8900052e+38   2.4329683e+25
      4000.00      800.000   5.8557918e+38   1.3896353e+24
      4000.00      1000.00   5.7859356e+38   7.8842085e+22
      4000.00      1500.00   5.5682838e+38   5.9986391e+19
      4000.00      2000.00   5.3115869e+38   4.5233828e+16
      4000.00      2500.00   5.0261137e+38   3.3836547e+13
      4000.00      3000.00   4.7550293e+38   2.5306428e+10
      4000.00      3500.00   4.4867149e+38       18873902.
      4000.00      4000.00   4.2149039e+38       14014.033
      4000.00      5000.00   3.6987450e+38    0.0076846043
      4000.00      5500.00   3.4596198e+38   5.6820098e-06
      4000.00      6000.00   3.2314449e+38   4.1941887e-09
      4000.00      7000.00   2.8500881e+38   2.3092607e-15
      4000.00      8000.00   2.5420595e+38   1.2816205e-21
      4000.00      10000.0   2.0171882e+38   3.7875972e-34
      4500.00      0.00000   2.6773888e+39   1.9073858e+29
      4500.00      50.0000   2.2414225e+39   1.3234466e+29
      4500.00      100.000   1.4564206e+39   5.6063554e+28
      4500.00      150.000   9.9159950e+38   2.2108610e+28
      4500.00      200.000   7.7192284e+38   9.2660879e+27
      4500.00      300.000   6.1557018e+38   1.9079244e+27
      4500.00      400.000   5.8443615e+38   4.4247704e+26
      4500.00      600.000   5.7757607e+38   2.5260701e+25
      4500.00      800.000   5.7314894e+38   1.4398724e+24
      4500.00      1000.00   5.6509888e+38   8.1546996e+22
      4500.00      1500.00   5.4246527e+38   6.1863211e+19
      4500.00      2000.00   5.1652808e+38   4.6578658e+16
      4500.00      2500.00   4.8874835e+38   3.4838335e+13
      4500.00      3000.00   4.6224087e+38   2.6042045e+10
      4500.00      3500.00   4.3401406e+38       19331517.
      4500.00      4000.00   4.0967781e+38       14426.839
      4500.00      5000.00   3.5936233e+38    0.0079074501
      4500.00      5500.00   3.3689455e+38   5.8575238e-06
      4500.00      6000.00   3.1562976e+38   4.3372054e-09
      4500.00      7000.00   2.7905738e+38   2.3927614e-15
      4500.00      8000.00   2.4666753e+38   1.3143009e-21
      4500.00      10000.0   1.9734498e+38   3.8755482e-34
      5000.00      0.00000   2.2878342e+39   1.4537274e+29
      5000.00      50.0000   1.9535399e+39   1.0391338e+29
      5000.00      100.000   1.3351306e+39   4.6710369e+28
      5000.00      150.000   9.2214719e+38   1.8718298e+28
      5000.00      200.000   7.3037743e+38   7.9756021e+27
      5000.00      300.000   5.8962851e+38   1.6614487e+27
      5000.00      400.000   5.6084658e+38   3.8579745e+26
      5000.00      600.000   5.5443850e+38   2.2024288e+25
      5000.00      800.000   5.5095393e+38   1.2572084e+24
      5000.00      1000.00   5.4375484e+38   7.1252383e+22
      5000.00      1500.00   5.2257669e+38   5.4146024e+19
      5000.00      2000.00   4.9708676e+38   4.0714052e+16
      5000.00      2500.00   4.7011926e+38   3.0436071e+13
      5000.00      3000.00   4.4501547e+38   2.2771813e+10
      5000.00      3500.00   4.1809024e+38       16916975.
      5000.00      4000.00   3.9384790e+38       12592.327
      5000.00      5000.00   3.4841590e+38    0.0069593515
      5000.00      5500.00   3.2612535e+38   5.1491376e-06
      5000.00      6000.00   3.0630645e+38   3.8212579e-09
      5000.00      7000.00   2.6985264e+38   2.0989126e-15
      5000.00      8000.00   2.3990604e+38   1.1571227e-21
      5000.00      10000.0   1.9392363e+38   3.4058775e-34
      6000.00      0.00000   1.7050129e+39   8.6477781e+28
      6000.00      50.0000   1.4950152e+39   6.4513057e+28
      6000.00      100.000   1.1131153e+39   3.2127548e+28
      6000.00      150.000   8.1351416e+38   1.3682034e+28
      6000.00      200.000   6.4360954e+38   5.8205330e+27
      6000.00      300.000   5.3014654e+38   1.2347067e+27
      6000.00      400.000   5.0507221e+38   2.8683849e+26
      6000.00      600.000   5.0160772e+38   1.6440389e+25
      6000.00      800.000   4.9642857e+38   9.3444149e+23
      6000.00      1000.00   4.8922140e+38   5.2902583e+22
      6000.00      1500.00   4.7404188e+38   4.0524440e+19
      6000.00      2000.00   4.5169163e+38   3.0520153e+16
      6000.00      2500.00   4.2719946e+38   2.2818147e+13
      6000.00      3000.00   4.0588191e+38   1.7137062e+10
      6000.00      3500.00   3.8175352e+38       12740922.
      6000.00      4000.00   3.5958623e+38       9485.5857
      6000.00      5000.00   3.2155630e+38    0.0052972576
      6000.00      5500.00   3.0268100e+38   3.9390405e-06
      6000.00      6000.00   2.8383388e+38   2.9165956e-09
      6000.00      7000.00   2.5164366e+38   1.6074967e-15
      6000.00      8000.00   2.2587870e+38   8.8857981e-22
      6000.00      10000.0   1.8594722e+38   2.5731850e-34
      8000.00      0.00000   9.9848126e+38   3.2724287e+28
      8000.00      50.0000   9.1545603e+38   2.6062641e+28
      8000.00      100.000   7.5804148e+38   1.4815754e+28
      8000.00      150.000   6.1900668e+38   7.1220832e+27
      8000.00      200.000   5.2673266e+38   3.2645960e+27
      8000.00      300.000   4.4773223e+38   7.1315732e+26
      8000.00      400.000   4.2610489e+38   1.6507826e+26
      8000.00      600.000   4.1612004e+38   9.2818870e+24
      8000.00      800.000   4.0761301e+38   5.2189279e+23
      8000.00      1000.00   3.9901467e+38   2.9331377e+22
      8000.00      1500.00   3.7187002e+38   2.1607450e+19
      8000.00      2000.00   3.4478263e+38   1.5833551e+16
      8000.00      2500.00   3.2515028e+38   1.1798901e+13
      8000.00      3000.00   3.1030556e+38   8.8928897e+09
      8000.00      3500.00   2.9374309e+38       6648937.1
      8000.00      4000.00   2.7950507e+38       4992.5661
      8000.00      5000.00   2.5583587e+38    0.0028407427
      8000.00      5500.00   2.4447083e+38   2.1358733e-06
      8000.00      6000.00   2.3238474e+38   1.5944604e-09
      8000.00      7000.00   2.1075106e+38   8.8234018e-16
      8000.00      8000.00   1.9206760e+38   4.7976703e-22
      8000.00      10000.0   1.6281443e+38   1.2646067e-34
      10000.0      0.00000   5.8392855e+38   1.2326190e+28
      10000.0      50.0000   5.6798666e+38   1.0515753e+28
      10000.0      100.000   4.9074928e+38   6.3380735e+27
      10000.0      150.000   4.2461841e+38   3.2630702e+27
      10000.0      200.000   3.7782159e+38   1.5713810e+27
      10000.0      300.000   3.3108349e+38   3.5455783e+26
      10000.0      400.000   3.1402706e+38   8.1656696e+25
      10000.0      600.000   2.9719671e+38   4.4331940e+24
      10000.0      800.000   2.8525080e+38   2.4371602e+23
      10000.0      1000.00   2.7765377e+38   1.3599993e+22
      10000.0      1500.00   2.5741037e+38   9.9415558e+18
      10000.0      2000.00   2.3881596e+38   7.2732257e+15
      10000.0      2500.00   2.2400033e+38   5.3706979e+12
      10000.0      3000.00   2.1593717e+38   4.0715121e+09
      10000.0      3500.00   2.0858148e+38       3086861.7
      10000.0      4000.00   2.0183137e+38       2340.1145
      10000.0      5000.00   1.8896579e+38    0.0013318453
      10000.0      5500.00   1.8327236e+38   1.0007683e-06
      10000.0      6000.00   1.7721042e+38   7.4533548e-10
      10000.0      7000.00   1.6718076e+38   4.0750907e-16
      10000.0      8000.00   1.5462007e+38   2.0934866e-22
      10000.0      10000.0   1.3604788e+38   4.6691089e-35
      12000.0      0.00000   3.1115984e+38   3.7668113e+27
      12000.0      50.0000   3.0433797e+38   3.2453923e+27
      12000.0      100.000   2.8054416e+38   2.1063297e+27
      12000.0      150.000   2.5358083e+38   1.1417746e+27
      12000.0      200.000   2.3132942e+38   5.6695271e+26
      12000.0      300.000   2.0400193e+38   1.2935288e+26
      12000.0      400.000   1.9064458e+38   2.9412209e+25
      12000.0      600.000   1.7789890e+38   1.5721910e+24
      12000.0      800.000   1.7071142e+38   8.6073071e+22
      12000.0      1000.00   1.6616113e+38   4.7864303e+21
      12000.0      1500.00   1.5337885e+38   3.4495613e+18
      12000.0      2000.00   1.4706376e+38   2.5814631e+15
      12000.0      2500.00   1.4105859e+38   1.9261518e+12
      12000.0      3000.00   1.3872804e+38   1.4684101e+09
      12000.0      3500.00   1.3640949e+38       1113553.9
      12000.0      4000.00   1.3468288e+38       843.19310
      12000.0      5000.00   1.3310487e+38   0.00047963873
      12000.0      5500.00   1.3135128e+38   3.5460839e-07
      12000.0      6000.00   1.2962984e+38   2.5931766e-10
      12000.0      7000.00   1.2360591e+38   1.3093208e-16
      12000.0      8000.00   1.1868262e+38   6.2584481e-23
      12000.0      10000.0   1.0820234e+38   1.1092068e-35
      15000.0      0.00000   6.6242396e+37   1.6042914e+26
      15000.0      50.0000   6.4922073e+37   1.3882444e+26
      15000.0      100.000   6.2282037e+37   9.4241868e+25
      15000.0      150.000   5.9167569e+37   5.4043240e+25
      15000.0      200.000   5.6424653e+37   2.8233460e+25
      15000.0      300.000   5.2670945e+37   6.8977005e+24
      15000.0      400.000   5.0481881e+37   1.6232569e+24
      15000.0      600.000   4.8491378e+37   9.0768900e+22
      15000.0      800.000   4.7285949e+37   5.1254055e+21
      15000.0      1000.00   4.8664019e+37   3.0583792e+20
      15000.0      1500.00   5.2542613e+37   2.7038572e+17
      15000.0      2000.00   5.7760602e+37   2.4994303e+14
      15000.0      2500.00   5.9426384e+37   2.2544876e+11
      15000.0      3000.00   6.0919164e+37   2.1436274e+08
      15000.0      3500.00   6.3649698e+37       221645.25
      15000.0      4000.00   6.5603621e+37       240.52745
      15000.0      5000.00   7.0789870e+37   0.00032776118
      15000.0      5500.00   7.2990423e+37   3.9241307e-07
      15000.0      6000.00   7.3265986e+37   4.5892559e-10
      15000.0      7000.00   7.3803719e+37   6.1375652e-16
      15000.0      8000.00   7.4270853e+37   7.6948785e-22
      15000.0      10000.0   7.0870444e+37   8.6383535e-34
      18000.0      0.00000   8.9761745e+36   8.5852168e+23
      18000.0      50.0000   9.1082680e+36   7.6923664e+23
      18000.0      100.000   9.3353001e+36   5.5895567e+23
      18000.0      150.000   9.8004928e+36   3.5482538e+23
      18000.0      200.000   1.0478133e+37   2.0834733e+23
      18000.0      300.000   1.1872265e+37   6.2296349e+22
      18000.0      400.000   1.2399974e+37   1.6186776e+22
      18000.0      600.000   1.1759881e+37   9.3442046e+20
      18000.0      800.000   1.0610416e+37   5.3342434e+19
      18000.0      1000.00   1.1287831e+37   3.8544340e+18
      18000.0      1500.00   1.4966358e+37   9.6319507e+15
      18000.0      2000.00   1.8986193e+37   3.8809614e+13
      18000.0      2500.00   2.1974398e+37   1.7014824e+11
      18000.0      3000.00   2.4812403e+37   7.4606674e+08
      18000.0      3500.00   2.8897149e+37       3340616.6
      18000.0      4000.00   3.1007581e+37       13540.825
      18000.0      5000.00   3.5764242e+37      0.21014571
      18000.0      5500.00   3.7636618e+37   0.00078648697
      18000.0      6000.00   3.9499881e+37   2.8720522e-06
      18000.0      7000.00   4.3002594e+37   3.5320716e-11
      18000.0      8000.00   4.5419578e+37   3.8196002e-16
      18000.0      10000.0   4.5665008e+37   2.8998619e-26
      24000.0      0.00000   3.0658056e+36   9.6311617e+17
      24000.0      50.0000   3.2727008e+36   9.0758677e+17
      24000.0      100.000   3.4602531e+36   6.7937180e+17
      24000.0      150.000   3.7727001e+36   4.4737746e+17
      24000.0      200.000   4.3142369e+36   2.8078206e+17
      24000.0      300.000   5.5878423e+36   9.6267393e+16
      24000.0      400.000   5.9233881e+36   2.5752739e+16
      24000.0      600.000   5.7421185e+36   1.7009367e+15
      24000.0      800.000   5.4087167e+36   1.4319036e+14
      24000.0      1000.00   6.1186356e+36   2.1240446e+13
      24000.0      1500.00   6.6410947e+36   3.3917107e+11
      24000.0      2000.00   4.5912888e+36   4.1714069e+09
      24000.0      2500.00   5.0627730e+36       80356430.
      24000.0      3000.00   1.8904609e+36       509986.00
      24000.0      3500.00   2.8867903e+36       12867.742
      24000.0      4000.00   5.7696971e+36       412.86098
      24000.0      5000.00   1.1935163e+37      0.20197180
      24000.0      5500.00   1.4525452e+37    0.0036157109
      24000.0      6000.00   1.5898357e+37   5.6516732e-05
      24000.0      7000.00   1.7501946e+37   1.1568426e-08
      24000.0      8000.00   1.8487520e+37   2.0040826e-12
      24000.0      10000.0   2.0235182e+37   3.9761054e-20
