face-on central tau B
      3.78000
sfr
      1.00000
old
     0.350000
bd
     0.450000
      tau1
      3.17000
   hd [pc]
      5200.00
   zd [pc]
      140.000
 hdin [pc]
      4500.00
 zdin [pc]
      140.000
   hdsolar [pc]
      8000.00
   zdsolar [pc]
      140.000
      tau2
     0.610000
  hd1 [pc]
      3200.00
  zd1 [pc]
      50.0000
hd1in [pc]
      4500.00
zd1in [pc]
      67.0000
  hd1solar [pc]
      8000.00
  zd1solar [pc]
      90.0000
   hs [pc]
      3200.00
   zs [pc]
      140.000
 hsin [pc]
      4500.00
 zsin [pc]
      170.000
   hssolar [pc]
      8000.00
   zssolar [pc]
      300.000
 rtruncate [pc]
      14000.0
  hs1 [pc]
      3200.00
  zs1 [pc]
      50.0000
hs1in [pc]
      4500.00
zs1in [pc]
      67.0000
  hs1solar [pc]
      8000.00
  zs1solar [pc]
      90.0000
rtruncate1 [pc]
      14000.0
   ifinns2
           3
   ifinns1
           3
   ifinnd1
           3
   ifinnd2
           3
    idisk1
           3
    idisk2
           3
nposition in r
          23
nposition in z
          22
          
    r(pc)      z(pc)   urad(erg/pc3/A)        eabs(erg/s/pc3/A)
      0.00000      0.00000   1.6516819e+39   4.4727459e+28
      0.00000      50.0000   1.3529016e+39   2.8290765e+28
      0.00000      100.000   9.8629948e+38   1.3135225e+28
      0.00000      150.000   7.6533404e+38   5.9810573e+27
      0.00000      200.000   6.5235600e+38   2.7691132e+27
      0.00000      300.000   5.6360129e+38   6.2247767e+26
      0.00000      400.000   5.3911800e+38   1.4568958e+26
      0.00000      600.000   5.2376644e+38   8.1762345e+24
      0.00000      800.000   5.1860368e+38   4.6520709e+23
      0.00000      1000.00   5.1436604e+38   2.6500572e+22
      0.00000      1500.00   5.0125291e+38   2.0416618e+19
      0.00000      2000.00   4.9106887e+38   1.5811686e+16
      0.00000      2500.00   4.7581053e+38   1.2108826e+13
      0.00000      3000.00   4.5529017e+38   9.1602517e+09
      0.00000      3500.00   4.3208367e+38       6871145.3
      0.00000      4000.00   4.0315257e+38       5068.5992
      0.00000      5000.00   3.4824362e+38    0.0027354003
      0.00000      5500.00   3.2431754e+38   2.0140853e-06
      0.00000      6000.00   3.0149677e+38   1.4799426e-09
      0.00000      7000.00   2.5837712e+38   7.9228613e-16
      0.00000      8000.00   2.2049184e+38   4.2213795e-22
      0.00000      10000.0   1.6531618e+38   1.2102261e-34
      50.0000      0.00000   1.6566725e+39   4.5357310e+28
      50.0000      50.0000   1.3556212e+39   2.8661203e+28
      50.0000      100.000   9.8564762e+38   1.3270322e+28
      50.0000      150.000   7.6459247e+38   6.0377482e+27
      50.0000      200.000   6.5296301e+38   2.8017973e+27
      50.0000      300.000   5.6456787e+38   6.3042617e+26
      50.0000      400.000   5.3891123e+38   1.4723162e+26
      50.0000      600.000   5.2358210e+38   8.2654765e+24
      50.0000      800.000   5.1841933e+38   4.7025586e+23
      50.0000      1000.00   5.1415928e+38   2.6786060e+22
      50.0000      1500.00   5.0107769e+38   2.0636919e+19
      50.0000      2000.00   4.9080811e+38   1.5974667e+16
      50.0000      2500.00   4.7529817e+38   1.2231125e+13
      50.0000      3000.00   4.5495302e+38   9.2526487e+09
      50.0000      3500.00   4.3187690e+38       6944210.7
      50.0000      4000.00   4.0289182e+38       5120.8468
      50.0000      5000.00   3.4818964e+38    0.0027657508
      50.0000      5500.00   3.2463226e+38   2.0381414e-06
      50.0000      6000.00   3.0135727e+38   1.4956800e-09
      50.0000      7000.00   2.5842197e+38   8.0134642e-16
      50.0000      8000.00   2.2064240e+38   4.2703470e-22
      50.0000      10000.0   1.6568471e+38   1.2260083e-34
      100.000      0.00000   1.6644948e+39   4.6065385e+28
      100.000      50.0000   1.3613758e+39   2.9097740e+28
      100.000      100.000   9.8762561e+38   1.3449479e+28
      100.000      150.000   7.6465975e+38   6.1068034e+27
      100.000      200.000   6.5165929e+38   2.8266593e+27
      100.000      300.000   5.6200528e+38   6.3445439e+26
      100.000      400.000   5.3872688e+38   1.4877366e+26
      100.000      600.000   5.2345173e+38   8.3551672e+24
      100.000      800.000   5.1828897e+38   4.7530464e+23
      100.000      1000.00   5.1408288e+38   2.7071547e+22
      100.000      1500.00   5.0108681e+38   2.0862618e+19
      100.000      2000.00   4.9036302e+38   1.6137422e+16
      100.000      2500.00   4.7520847e+38   1.2365564e+13
      100.000      3000.00   4.5448551e+38   9.3445970e+09
      100.000      3500.00   4.3164770e+38       7017051.7
      100.000      4000.00   4.0237033e+38       5171.0268
      100.000      5000.00   3.4808170e+38    0.0027953373
      100.000      5500.00   3.2454674e+38   2.0600835e-06
      100.000      6000.00   3.0119535e+38   1.5113949e-09
      100.000      7000.00   2.5838130e+38   8.0986697e-16
      100.000      8000.00   2.2150133e+38   4.3346513e-22
      100.000      10000.0   1.6562370e+38   1.2391143e-34
      150.000      0.00000   1.6720929e+39   4.6771218e+28
      150.000      50.0000   1.3684117e+39   2.9565748e+28
      150.000      100.000   9.9140223e+38   1.3642570e+28
      150.000      150.000   7.6400788e+38   6.1679451e+27
      150.000      200.000   6.4914156e+38   2.8472945e+27
      150.000      300.000   5.6187490e+38   6.4119801e+26
      150.000      400.000   5.3859650e+38   1.5036968e+26
      150.000      600.000   5.2334378e+38   8.4446333e+24
      150.000      800.000   5.1821256e+38   4.8040739e+23
      150.000      1000.00   5.1393008e+38   2.7364675e+22
      150.000      1500.00   5.0098799e+38   2.1082920e+19
      150.000      2000.00   4.9017869e+38   1.6307818e+16
      150.000      2500.00   4.7475008e+38   1.2482466e+13
      150.000      3000.00   4.5448551e+38   9.4491342e+09
      150.000      3500.00   4.3152646e+38       7090117.1
      150.000      4000.00   4.0174090e+38       5219.0478
      150.000      5000.00   3.4782096e+38    0.0028230803
      150.000      5500.00   3.2453761e+38   2.0820479e-06
      150.000      6000.00   3.0084908e+38   1.5258062e-09
      150.000      7000.00   2.5837217e+38   8.1894969e-16
      150.000      8000.00   2.2171483e+38   4.3854622e-22
      150.000      10000.0   1.6594274e+38   1.2549862e-34
      200.000      0.00000   1.6809946e+39   4.7505367e+28
      200.000      50.0000   1.3755373e+39   3.0049036e+28
      200.000      100.000   9.9529095e+38   1.3847576e+28
      200.000      150.000   7.6335603e+38   6.2288626e+27
      200.000      200.000   6.4848970e+38   2.8747637e+27
      200.000      300.000   5.6187490e+38   6.4828787e+26
      200.000      400.000   5.3854253e+38   1.5196568e+26
      200.000      600.000   5.2326738e+38   8.5343239e+24
      200.000      800.000   5.1815859e+38   4.8551013e+23
      200.000      1000.00   5.1376816e+38   2.7647008e+22
      200.000      1500.00   5.0073637e+38   2.1303223e+19
      200.000      2000.00   4.8997192e+38   1.6475971e+16
      200.000      2500.00   4.7421529e+38   1.2604316e+13
      200.000      3000.00   4.5436427e+38   9.5471527e+09
      200.000      3500.00   4.3096011e+38       7156439.7
      200.000      4000.00   4.0111146e+38       5266.3049
      200.000      5000.00   3.4715997e+38    0.0028482160
      200.000      5500.00   3.2447451e+38   2.1040124e-06
      200.000      6000.00   3.0053437e+38   1.5407348e-09
      200.000      7000.00   2.5843944e+38   8.2749267e-16
      200.000      8000.00   2.2188782e+38   4.4364974e-22
      200.000      10000.0   1.6589070e+38   1.2682043e-34
      300.000      0.00000   1.6990224e+39   4.9000653e+28
      300.000      50.0000   1.3914076e+39   3.1045754e+28
      300.000      100.000   9.9911241e+38   1.4200268e+28
      300.000      150.000   7.6470460e+38   6.3757837e+27
      300.000      200.000   6.4651169e+38   2.9262398e+27
      300.000      300.000   5.6218963e+38   6.6240452e+26
      300.000      400.000   5.3865048e+38   1.5523410e+26
      300.000      600.000   5.2321340e+38   8.7139291e+24
      300.000      800.000   5.1821256e+38   4.9584600e+23
      300.000      1000.00   5.1377728e+38   2.8236418e+22
      300.000      1500.00   5.0083102e+38   2.1756863e+19
      300.000      2000.00   4.8955837e+38   1.6814520e+16
      300.000      2500.00   4.7368962e+38   1.2860605e+13
      300.000      3000.00   4.5418905e+38   9.7440866e+09
      300.000      3500.00   4.2892814e+38       7276496.0
      300.000      4000.00   4.0068880e+38       5373.0920
      300.000      5000.00   3.4662936e+38    0.0029041504
      300.000      5500.00   3.2384926e+38   2.1449735e-06
      300.000      6000.00   3.0048952e+38   1.5733355e-09
      300.000      7000.00   2.5846605e+38   8.4518564e-16
      300.000      8000.00   2.2230344e+38   4.5392405e-22
      300.000      10000.0   1.6644089e+38   1.2994967e-34
      400.000      0.00000   1.7170502e+39   5.0513460e+28
      400.000      50.0000   1.4074800e+39   3.2067633e+28
      400.000      100.000   1.0055861e+39   1.4592296e+28
      400.000      150.000   7.6596347e+38   6.5179384e+27
      400.000      200.000   6.4716355e+38   2.9903044e+27
      400.000      300.000   5.6276508e+38   6.7656601e+26
      400.000      400.000   5.3904159e+38   1.5857892e+26
      400.000      600.000   5.2347416e+38   8.8996045e+24
      400.000      800.000   5.1839691e+38   5.0638864e+23
      400.000      1000.00   5.1393921e+38   2.8833468e+22
      400.000      1500.00   5.0092567e+38   2.2213660e+19
      400.000      2000.00   4.8929763e+38   1.7153069e+16
      400.000      2500.00   4.7332589e+38   1.3117792e+13
      400.000      3000.00   4.5356874e+38   9.9342776e+09
      400.000      3500.00   4.2781790e+38       7409141.1
      400.000      4000.00   4.0023459e+38       5479.0241
      400.000      5000.00   3.4609875e+38    0.0029604005
      400.000      5500.00   3.2303548e+38   2.1844979e-06
      400.000      6000.00   3.0012083e+38   1.6039116e-09
      400.000      7000.00   2.5847022e+38   8.6278891e-16
      400.000      8000.00   2.2263594e+38   4.6404556e-22
      400.000      10000.0   1.6777105e+38   1.3367903e-34
      600.000      0.00000   1.7494190e+39   5.3465336e+28
      600.000      50.0000   1.4377809e+39   3.4108237e+28
      600.000      100.000   1.0209841e+39   1.5433898e+28
      600.000      150.000   7.6848121e+38   6.8063415e+27
      600.000      200.000   6.4269025e+38   3.0917283e+27
      600.000      300.000   5.6425315e+38   7.0608061e+26
      600.000      400.000   5.4013854e+38   1.6537649e+26
      600.000      600.000   5.2444073e+38   9.2776980e+24
      600.000      800.000   5.1921069e+38   5.2789657e+23
      600.000      1000.00   5.1460931e+38   3.0048245e+22
      600.000      1500.00   5.0114651e+38   2.3129494e+19
      600.000      2000.00   4.8923948e+38   1.7853999e+16
      600.000      2500.00   4.7238251e+38   1.3624300e+13
      600.000      3000.00   4.5268351e+38   1.0318488e+10
      600.000      3500.00   4.2569622e+38       7675103.9
      600.000      4000.00   3.9945654e+38       5691.4279
      600.000      5000.00   3.4579734e+38    0.0030786552
      600.000      5500.00   3.2173176e+38   2.2642899e-06
      600.000      6000.00   2.9953624e+38   1.6661437e-09
      600.000      7000.00   2.5886970e+38   8.9995103e-16
      600.000      8000.00   2.2534878e+38   4.8881587e-22
      600.000      10000.0   1.6918434e+38   1.4031769e-34
      800.000      0.00000   1.7815634e+39   5.6477914e+28
      800.000      50.0000   1.4680819e+39   3.6219425e+28
      800.000      100.000   1.0338194e+39   1.6249425e+28
      800.000      150.000   7.7239236e+38   7.1145246e+27
      800.000      200.000   6.4655654e+38   3.2334345e+27
      800.000      300.000   5.6571879e+38   7.3611251e+26
      800.000      400.000   5.4128947e+38   1.7222805e+26
      800.000      600.000   5.2582996e+38   9.6681560e+24
      800.000      800.000   5.2091465e+38   5.5034865e+23
      800.000      1000.00   5.1616960e+38   3.1321481e+22
      800.000      1500.00   5.0176759e+38   2.4069160e+19
      800.000      2000.00   4.8936567e+38   1.8558083e+16
      800.000      2500.00   4.7202788e+38   1.4151486e+13
      800.000      3000.00   4.5068385e+38   1.0678208e+10
      800.000      3500.00   4.2459509e+38       7953879.7
      800.000      4000.00   3.9922317e+38       5910.6735
      800.000      5000.00   3.4469544e+38    0.0031894448
      800.000      5500.00   3.2072451e+38   2.3456755e-06
      800.000      6000.00   3.0010676e+38   1.7350048e-09
      800.000      7000.00   2.6132356e+38   9.4392326e-16
      800.000      8000.00   2.2486928e+38   5.0699460e-22
      800.000      10000.0   1.6956633e+38   1.4605305e-34
      1000.00      0.00000   1.8137079e+39   5.9524205e+28
      1000.00      50.0000   1.4989227e+39   3.8385916e+28
      1000.00      100.000   1.0454632e+39   1.7077989e+28
      1000.00      150.000   7.7171808e+38   7.3777503e+27
      1000.00      200.000   6.5040043e+38   3.3751408e+27
      1000.00      300.000   5.6700008e+38   7.6562709e+26
      1000.00      400.000   5.4231001e+38   1.7907960e+26
      1000.00      600.000   5.2794747e+38   1.0077049e+25
      1000.00      800.000   5.2369313e+38   5.7421241e+23
      1000.00      1000.00   5.1883596e+38   3.2670696e+22
      1000.00      1500.00   5.0377790e+38   2.5074924e+19
      1000.00      2000.00   4.8915968e+38   1.9247801e+16
      1000.00      2500.00   4.7120575e+38   1.4659116e+13
      1000.00      3000.00   4.4933188e+38   1.1047378e+10
      1000.00      3500.00   4.2375471e+38       8238277.1
      1000.00      4000.00   3.9776665e+38       6113.8677
      1000.00      5000.00   3.4425948e+38    0.0033054988
      1000.00      5500.00   3.2088643e+38   2.4356057e-06
      1000.00      6000.00   2.9855977e+38   1.7910979e-09
      1000.00      7000.00   2.5974503e+38   9.7346489e-16
      1000.00      8000.00   2.2430442e+38   5.2467427e-22
      1000.00      10000.0   1.6956888e+38   1.5148983e-34
      1500.00      0.00000   1.8802887e+39   6.6862543e+28
      1500.00      50.0000   1.5673470e+39   4.3854957e+28
      1500.00      100.000   1.0686835e+39   1.9101071e+28
      1500.00      150.000   7.7686566e+38   8.1152786e+27
      1500.00      200.000   6.5813303e+38   3.7291364e+27
      1500.00      300.000   5.7225562e+38   8.4263923e+26
      1500.00      400.000   5.5146342e+38   1.9869012e+26
      1500.00      600.000   5.4150690e+38   1.1273376e+25
      1500.00      800.000   5.3674019e+38   6.4175301e+23
      1500.00      1000.00   5.3015741e+38   3.6420732e+22
      1500.00      1500.00   5.0955725e+38   2.7674116e+19
      1500.00      2000.00   4.9165312e+38   2.1102961e+16
      1500.00      2500.00   4.6992182e+38   1.5943494e+13
      1500.00      3000.00   4.4535993e+38   1.1948040e+10
      1500.00      3500.00   4.1940342e+38       8891380.4
      1500.00      4000.00   3.9403644e+38       6603.0939
      1500.00      5000.00   3.4019553e+38    0.0035631073
      1500.00      5500.00   3.1754997e+38   2.6288187e-06
      1500.00      6000.00   2.9462542e+38   1.9281072e-09
      1500.00      7000.00   2.5708703e+38   1.0511412e-15
      1500.00      8000.00   2.2465990e+38   5.7322853e-22
      1500.00      10000.0   1.6854640e+38   1.6401371e-34
      2000.00      0.00000   1.9421944e+39   7.4320952e+28
      2000.00      50.0000   1.6248017e+39   4.9331638e+28
      2000.00      100.000   1.0963994e+39   2.1299034e+28
      2000.00      150.000   7.9293790e+38   8.9883519e+27
      2000.00      200.000   6.6577594e+38   4.0878072e+27
      2000.00      300.000   5.7351449e+38   9.1506592e+26
      2000.00      400.000   5.5212440e+38   2.1545487e+26
      2000.00      600.000   5.4302233e+38   1.2248968e+25
      2000.00      800.000   5.3889914e+38   6.9808660e+23
      2000.00      1000.00   5.3219588e+38   3.9605267e+22
      2000.00      1500.00   5.1085075e+38   3.0053082e+19
      2000.00      2000.00   4.9105831e+38   2.2832728e+16
      2000.00      2500.00   4.6673288e+38   1.7158695e+13
      2000.00      3000.00   4.4145032e+38   1.2827338e+10
      2000.00      3500.00   4.1477050e+38       9527216.6
      2000.00      4000.00   3.8808989e+38       7044.4476
      2000.00      5000.00   3.3726920e+38    0.0038266530
      2000.00      5500.00   3.1310743e+38   2.8082723e-06
      2000.00      6000.00   2.9066788e+38   2.0608628e-09
      2000.00      7000.00   2.5368253e+38   1.1237356e-15
      2000.00      8000.00   2.2343837e+38   6.1733839e-22
      2000.00      10000.0   1.6771499e+38   1.7629477e-34
      3000.00      0.00000   2.0341769e+39   8.8356563e+28
      3000.00      50.0000   1.7248308e+39   6.0559694e+28
      3000.00      100.000   1.1288130e+39   2.5509284e+28
      3000.00      150.000   8.2377863e+38   1.0823740e+28
      3000.00      200.000   6.7856644e+38   4.8164338e+27
      3000.00      300.000   5.7360914e+38   1.0565703e+27
      3000.00      400.000   5.5060555e+38   2.4795053e+26
      3000.00      600.000   5.4236366e+38   1.4113647e+25
      3000.00      800.000   5.3846779e+38   8.0489166e+23
      3000.00      1000.00   5.3173529e+38   4.5660421e+22
      3000.00      1500.00   5.0940500e+38   3.4579885e+19
      3000.00      2000.00   4.8433307e+38   2.5989485e+16
      3000.00      2500.00   4.5756322e+38   1.9407072e+13
      3000.00      3000.00   4.2976215e+38   1.4408887e+10
      3000.00      3500.00   4.0275431e+38       10674858.
      3000.00      4000.00   3.7556245e+38       7868.0390
      3000.00      5000.00   3.2589948e+38    0.0042661136
      3000.00      5500.00   3.0249675e+38   3.1307248e-06
      3000.00      6000.00   2.8122560e+38   2.3006422e-09
      3000.00      7000.00   2.4533455e+38   1.2531353e-15
      3000.00      8000.00   2.1640186e+38   6.8908377e-22
      3000.00      10000.0   1.6622809e+38   1.9983436e-34
      4000.00      0.00000   2.0893398e+39   1.0121434e+29
      4000.00      50.0000   1.7838136e+39   7.1052687e+28
      4000.00      100.000   1.1766020e+39   3.0403777e+28
      4000.00      150.000   8.5459694e+38   1.2806365e+28
      4000.00      200.000   6.9115513e+38   5.5810325e+27
      4000.00      300.000   5.7166499e+38   1.1941457e+27
      4000.00      400.000   5.4522503e+38   2.7831771e+26
      4000.00      600.000   5.3551948e+38   1.5796323e+25
      4000.00      800.000   5.2980225e+38   8.9791557e+23
      4000.00      1000.00   5.2095874e+38   5.0698500e+22
      4000.00      1500.00   4.9535927e+38   3.8111995e+19
      4000.00      2000.00   4.6750083e+38   2.8429087e+16
      4000.00      2500.00   4.3780003e+38   2.1046042e+13
      4000.00      3000.00   4.1092255e+38   1.5615812e+10
      4000.00      3500.00   3.8280215e+38       11498812.
      4000.00      4000.00   3.5816376e+38       8505.1196
      4000.00      5000.00   3.1038678e+38    0.0046058004
      4000.00      5500.00   2.8945122e+38   3.3943925e-06
      4000.00      6000.00   2.7035417e+38   2.5061439e-09
      4000.00      7000.00   2.3604368e+38   1.3657474e-15
      4000.00      8000.00   2.0844316e+38   7.5041876e-22
      4000.00      10000.0   1.6432897e+38   2.2026768e-34
      4500.00      0.00000   2.0911492e+39   1.0639171e+29
      4500.00      50.0000   1.7849503e+39   7.5274689e+28
      4500.00      100.000   1.1924608e+39   3.2767046e+28
      4500.00      150.000   8.6056568e+38   1.3703006e+28
      4500.00      200.000   6.8849275e+38   5.9009238e+27
      4500.00      300.000   5.6241410e+38   1.2450486e+27
      4500.00      400.000   5.3478903e+38   2.8912120e+26
      4500.00      600.000   5.2458101e+38   1.6381354e+25
      4500.00      800.000   5.1769385e+38   9.2872137e+23
      4500.00      1000.00   5.0779670e+38   5.2325015e+22
      4500.00      1500.00   4.8105652e+38   3.9183605e+19
      4500.00      2000.00   4.5310948e+38   2.9176131e+16
      4500.00      2500.00   4.2365799e+38   2.1562176e+13
      4500.00      3000.00   3.9756880e+38   1.5995289e+10
      4500.00      3500.00   3.7110596e+38       11802664.
      4500.00      4000.00   3.4713272e+38       8725.0809
      4500.00      5000.00   3.0176894e+38    0.0047405934
      4500.00      5500.00   2.8144457e+38   3.4945512e-06
      4500.00      6000.00   2.6357902e+38   2.5860587e-09
      4500.00      7000.00   2.3047937e+38   1.4110745e-15
      4500.00      8000.00   2.0384651e+38   7.7546927e-22
      4500.00      10000.0   1.6137898e+38   2.2637621e-34
      5000.00      0.00000   1.7928560e+39   8.1330364e+28
      5000.00      50.0000   1.5699567e+39   5.9623462e+28
      5000.00      100.000   1.0754613e+39   2.6861580e+28
      5000.00      150.000   7.9554802e+38   1.1535189e+28
      5000.00      200.000   6.4647502e+38   5.0404186e+27
      5000.00      300.000   5.3403353e+38   1.0746138e+27
      5000.00      400.000   5.0912604e+38   2.5005320e+26
      5000.00      600.000   5.0020491e+38   1.4186643e+25
      5000.00      800.000   4.9456628e+38   8.0599933e+23
      5000.00      1000.00   4.8528483e+38   4.5422358e+22
      5000.00      1500.00   4.6096994e+38   3.4104888e+19
      5000.00      2000.00   4.3405629e+38   2.5386796e+16
      5000.00      2500.00   4.0752959e+38   1.8841140e+13
      5000.00      3000.00   3.8165398e+38   1.3949884e+10
      5000.00      3500.00   3.5616949e+38       10290870.
      5000.00      4000.00   3.3366606e+38       7622.1949
      5000.00      5000.00   2.9086333e+38    0.0041498333
      5000.00      5500.00   2.7269713e+38   3.0750991e-06
      5000.00      6000.00   2.5471868e+38   2.2693197e-09
      5000.00      7000.00   2.2357146e+38   1.2420312e-15
      5000.00      8000.00   1.9862924e+38   6.8398872e-22
      5000.00      10000.0   1.5821371e+38   1.9841636e-34
      6000.00      0.00000   1.3350594e+39   4.8345086e+28
      6000.00      50.0000   1.2101346e+39   3.7289326e+28
      6000.00      100.000   9.0757969e+38   1.8704946e+28
      6000.00      150.000   6.7121891e+38   8.0657804e+27
      6000.00      200.000   5.5833132e+38   3.6054971e+27
      6000.00      300.000   4.6927716e+38   7.8040475e+26
      6000.00      400.000   4.4821728e+38   1.8175619e+26
      6000.00      600.000   4.3954996e+38   1.0289699e+25
      6000.00      800.000   4.3340117e+38   5.8280285e+23
      6000.00      1000.00   4.2646101e+38   3.2932078e+22
      6000.00      1500.00   4.0842474e+38   2.4928236e+19
      6000.00      2000.00   3.8685700e+38   1.8668327e+16
      6000.00      2500.00   3.6520604e+38   1.3929003e+13
      6000.00      3000.00   3.4468930e+38   1.0395359e+10
      6000.00      3500.00   3.2275254e+38       7690751.2
      6000.00      4000.00   3.0370870e+38       5720.9565
      6000.00      5000.00   2.6919578e+38    0.0031666760
      6000.00      5500.00   2.5252105e+38   2.3464892e-06
      6000.00      6000.00   2.3718684e+38   1.7402410e-09
      6000.00      7000.00   2.0917536e+38   9.5383020e-16
      6000.00      8000.00   1.8679882e+38   5.2495139e-22
      6000.00      10000.0   1.5092543e+38   1.4910200e-34
      8000.00      0.00000   7.9779064e+38   1.8673696e+28
      8000.00      50.0000   7.3241180e+38   1.4895288e+28
      8000.00      100.000   6.1486563e+38   8.5806297e+27
      8000.00      150.000   5.0915921e+38   4.1830596e+27
      8000.00      200.000   4.3498059e+38   1.9253664e+27
      8000.00      300.000   3.7026644e+38   4.2114289e+26
      8000.00      400.000   3.5442275e+38   9.8065050e+25
      8000.00      600.000   3.4714917e+38   5.5279681e+24
      8000.00      800.000   3.4021017e+38   3.1103703e+23
      8000.00      1000.00   3.3182287e+38   1.7419919e+22
      8000.00      1500.00   3.0932329e+38   1.2836525e+19
      8000.00      2000.00   2.8656148e+38   9.3971914e+15
      8000.00      2500.00   2.7014536e+38   6.9972727e+12
      8000.00      3000.00   2.5804309e+38   5.2809816e+09
      8000.00      3500.00   2.4473507e+38       3955097.5
      8000.00      4000.00   2.3226658e+38       2962.8228
      8000.00      5000.00   2.1163139e+38    0.0016777882
      8000.00      5500.00   2.0234361e+38   1.2626831e-06
      8000.00      6000.00   1.9310502e+38   9.4613215e-10
      8000.00      7000.00   1.7505051e+38   5.2334154e-16
      8000.00      8000.00   1.5954728e+38   2.8459988e-22
      8000.00      10000.0   1.3326912e+38   7.3922724e-35
      10000.0      0.00000   4.6214406e+38   6.9660468e+27
      10000.0      50.0000   4.4716777e+38   5.9141621e+27
      10000.0      100.000   3.8851908e+38   3.5832466e+27
      10000.0      150.000   3.4033662e+38   1.8675697e+27
      10000.0      200.000   3.0604536e+38   9.0918988e+26
      10000.0      300.000   2.7109895e+38   2.0731105e+26
      10000.0      400.000   2.5694585e+38   4.7718495e+25
      10000.0      600.000   2.4152204e+38   2.5729007e+24
      10000.0      800.000   2.3302105e+38   1.4213266e+23
      10000.0      1000.00   2.2646370e+38   7.9229362e+21
      10000.0      1500.00   2.0972989e+38   5.7849216e+18
      10000.0      2000.00   1.9447203e+38   4.2275893e+15
      10000.0      2500.00   1.8395325e+38   3.1493079e+12
      10000.0      3000.00   1.7785031e+38   2.3945140e+09
      10000.0      3500.00   1.7233195e+38       1821631.7
      10000.0      4000.00   1.6720455e+38       1384.3767
      10000.0      5000.00   1.5675504e+38   0.00078912693
      10000.0      5500.00   1.5122748e+38   5.8985329e-07
      10000.0      6000.00   1.4642413e+38   4.3966593e-10
      10000.0      7000.00   1.3692056e+38   2.3832538e-16
      10000.0      8000.00   1.2692781e+38   1.2272762e-22
      10000.0      10000.0   1.1248356e+38   2.7559113e-35
      12000.0      0.00000   2.4050892e+38   2.0787193e+27
      12000.0      50.0000   2.3521370e+38   1.7912554e+27
      12000.0      100.000   2.1743870e+38   1.1655446e+27
      12000.0      150.000   1.9707411e+38   6.3385739e+26
      12000.0      200.000   1.8038822e+38   3.1554434e+26
      12000.0      300.000   1.5980913e+38   7.2389830e+25
      12000.0      400.000   1.5002669e+38   1.6528915e+25
      12000.0      600.000   1.4009152e+38   8.8444659e+23
      12000.0      800.000   1.3474603e+38   4.8521757e+22
      12000.0      1000.00   1.3177762e+38   2.7100344e+21
      12000.0      1500.00   1.2214129e+38   1.9620710e+18
      12000.0      2000.00   1.1788574e+38   1.4768365e+15
      12000.0      2500.00   1.1417735e+38   1.1132992e+12
      12000.0      3000.00   1.1295434e+38   8.5365863e+08
      12000.0      3500.00   1.1134511e+38       649188.23
      12000.0      4000.00   1.1035712e+38       493.21600
      12000.0      5000.00   1.0974215e+38   0.00028234830
      12000.0      5500.00   1.0823685e+38   2.0867987e-07
      12000.0      6000.00   1.0609300e+38   1.5157844e-10
      12000.0      7000.00   1.0196054e+38   7.7101712e-17
      12000.0      8000.00   9.7036661e+37   3.6546037e-23
      12000.0      10000.0   8.8168011e+37   6.4518325e-36
      15000.0      0.00000   4.9331751e+37   8.5350726e+25
      15000.0      50.0000   4.8376490e+37   7.3906273e+25
      15000.0      100.000   4.6487963e+37   5.0250837e+25
      15000.0      150.000   4.4335799e+37   2.8927326e+25
      15000.0      200.000   4.2498505e+37   1.5183052e+25
      15000.0      300.000   4.0010533e+37   3.7411963e+24
      15000.0      400.000   3.8670497e+37   8.8773293e+23
      15000.0      600.000   3.7122821e+37   4.9607341e+22
      15000.0      800.000   3.6497908e+37   2.8248060e+21
      15000.0      1000.00   3.7915226e+37   1.7015549e+20
      15000.0      1500.00   4.1309576e+37   1.5178643e+17
      15000.0      2000.00   4.5807101e+37   1.4151085e+14
      15000.0      2500.00   4.6765122e+37   1.2669847e+11
      15000.0      3000.00   4.9140065e+37   1.2348984e+08
      15000.0      3500.00   5.2007841e+37       129305.05
      15000.0      4000.00   5.4229216e+37       141.93349
      15000.0      5000.00   5.8463882e+37   0.00019325906
      15000.0      5500.00   6.0064096e+37   2.3057363e-07
      15000.0      6000.00   6.0114411e+37   2.6902883e-10
      15000.0      7000.00   6.0694538e+37   3.6043798e-16
      15000.0      8000.00   6.1304603e+37   4.5334203e-22
      15000.0      10000.0   5.6957223e+37   4.9561775e-34
      18000.0      0.00000   7.1650004e+36   4.8940140e+23
      18000.0      50.0000   7.2676375e+36   4.3854202e+23
      18000.0      100.000   7.5050895e+36   3.2082903e+23
      18000.0      150.000   7.9588795e+36   2.0577535e+23
      18000.0      200.000   8.5972804e+36   1.2204681e+23
      18000.0      300.000   9.6595878e+36   3.6189679e+22
      18000.0      400.000   1.0410160e+37   9.6999003e+21
      18000.0      600.000   9.7602200e+36   5.5392853e+20
      18000.0      800.000   8.9555109e+36   3.2148368e+19
      18000.0      1000.00   9.5017592e+36   2.3169856e+18
      18000.0      1500.00   1.2144590e+37   5.5829089e+15
      18000.0      2000.00   1.5131607e+37   2.2088348e+13
      18000.0      2500.00   1.7256833e+37   9.5415051e+10
      18000.0      3000.00   1.9952135e+37   4.2836541e+08
      18000.0      3500.00   2.3674655e+37       1954081.9
      18000.0      4000.00   2.5778555e+37       8038.4180
      18000.0      5000.00   3.0332228e+37      0.12726894
      18000.0      5500.00   3.1926561e+37   0.00047635524
      18000.0      6000.00   3.3398602e+37   1.7340596e-06
      18000.0      7000.00   3.6137298e+37   2.1198294e-11
      18000.0      8000.00   3.7071939e+37   2.2262188e-16
      18000.0      10000.0   3.7384057e+37   1.6951418e-26
      24000.0      0.00000   2.5198626e+36   5.6530878e+17
      24000.0      50.0000   2.7296858e+36   5.4043034e+17
      24000.0      100.000   2.9305190e+36   4.1074775e+17
      24000.0      150.000   3.2001152e+36   2.7093266e+17
      24000.0      200.000   3.6363119e+36   1.6896376e+17
      24000.0      300.000   4.7326998e+36   5.8240273e+16
      24000.0      400.000   5.0098643e+36   1.5559800e+16
      24000.0      600.000   4.6827717e+36   9.9008699e+14
      24000.0      800.000   4.6003838e+36   8.6961068e+13
      24000.0      1000.00   5.3873262e+36   1.3355428e+13
      24000.0      1500.00   6.1427591e+36   2.2403149e+11
      24000.0      2000.00   4.2362830e+36   2.7479881e+09
      24000.0      2500.00   4.2667602e+36       48361304.
      24000.0      3000.00   1.3613935e+36       262238.28
      24000.0      3500.00   2.1010155e+36       6688.4846
      24000.0      4000.00   4.3460077e+36       222.13289
      24000.0      5000.00   9.6473649e+36      0.11659034
      24000.0      5500.00   1.2002026e+37    0.0021331543
      24000.0      6000.00   1.3538710e+37   3.4361532e-05
      24000.0      7000.00   1.5506724e+37   7.3165670e-09
      24000.0      8000.00   1.6334449e+37   1.2641963e-12
      24000.0      10000.0   1.7153173e+37   2.4067823e-20
