face-on central tau B
      3.78000
sfr
      1.00000
old
     0.350000
bd
     0.450000
      tau1
      3.17000
   hd [pc]
      5200.00
   zd [pc]
      140.000
 hdin [pc]
      4500.00
 zdin [pc]
      140.000
   hdsolar [pc]
      8000.00
   zdsolar [pc]
      140.000
      tau2
     0.610000
  hd1 [pc]
      3200.00
  zd1 [pc]
      50.0000
hd1in [pc]
      4500.00
zd1in [pc]
      67.0000
  hd1solar [pc]
      8000.00
  zd1solar [pc]
      90.0000
   hs [pc]
      3200.00
   zs [pc]
      140.000
 hsin [pc]
      4500.00
 zsin [pc]
      170.000
   hssolar [pc]
      8000.00
   zssolar [pc]
      300.000
 rtruncate [pc]
      14000.0
  hs1 [pc]
      3200.00
  zs1 [pc]
      50.0000
hs1in [pc]
      4500.00
zs1in [pc]
      67.0000
  hs1solar [pc]
      8000.00
  zs1solar [pc]
      90.0000
rtruncate1 [pc]
      14000.0
   ifinns2
           3
   ifinns1
           3
   ifinnd1
           3
   ifinnd2
           3
    idisk1
           3
    idisk2
           3
nposition in r
          23
nposition in z
          22
          
    r(pc)      z(pc)   urad(erg/pc3/A)        eabs(erg/s/pc3/A)
      0.00000      0.00000   2.7879367e+39   9.5303489e+28
      0.00000      50.0000   2.2472454e+39   5.9314226e+28
      0.00000      100.000   1.6177966e+39   2.7190962e+28
      0.00000      150.000   1.2791765e+39   1.2616341e+28
      0.00000      200.000   1.1091627e+39   5.9424702e+27
      0.00000      300.000   9.7181178e+38   1.3550622e+27
      0.00000      400.000   9.2782616e+38   3.1650148e+26
      0.00000      600.000   8.9272575e+38   1.7596372e+25
      0.00000      800.000   8.7895765e+38   9.9543228e+23
      0.00000      1000.00   8.6848416e+38   5.6503523e+22
      0.00000      1500.00   8.3900582e+38   4.3127383e+19
      0.00000      2000.00   8.2258800e+38   3.3430891e+16
      0.00000      2500.00   7.8934331e+38   2.5357006e+13
      0.00000      3000.00   7.5632665e+38   1.9213723e+10
      0.00000      3500.00   7.1702742e+38       14394016.
      0.00000      4000.00   6.7039201e+38       10637.074
      0.00000      5000.00   5.7844683e+38    0.0057365511
      0.00000      5500.00   5.3825904e+38   4.2199897e-06
      0.00000      6000.00   5.0117477e+38   3.1058410e-09
      0.00000      7000.00   4.3033621e+38   1.6659751e-15
      0.00000      8000.00   3.7170964e+38   8.9850616e-22
      0.00000      10000.0   2.7408804e+38   2.5328488e-34
      50.0000      0.00000   2.7956503e+39   9.6631550e+28
      50.0000      50.0000   2.2515386e+39   6.0094313e+28
      50.0000      100.000   1.6186693e+39   2.7513817e+28
      50.0000      150.000   1.2801672e+39   1.2766524e+28
      50.0000      200.000   1.1084786e+39   6.0058539e+27
      50.0000      300.000   9.7163092e+38   1.3698132e+27
      50.0000      400.000   9.2835298e+38   3.2023955e+26
      50.0000      600.000   8.9238762e+38   1.7791139e+25
      50.0000      800.000   8.7830502e+38   1.0059451e+24
      50.0000      1000.00   8.6894807e+38   5.7164566e+22
      50.0000      1500.00   8.3854190e+38   4.3598926e+19
      50.0000      2000.00   8.2137709e+38   3.3745018e+16
      50.0000      2500.00   7.8822677e+38   2.5610746e+13
      50.0000      3000.00   7.5561111e+38   1.9407074e+10
      50.0000      3500.00   7.1637478e+38       14545380.
      50.0000      4000.00   6.7026621e+38       10753.604
      50.0000      5000.00   5.7839100e+38    0.0058000685
      50.0000      5500.00   5.3832194e+38   4.2673485e-06
      50.0000      6000.00   5.0095853e+38   3.1390308e-09
      50.0000      7000.00   4.3046202e+38   1.6853023e-15
      50.0000      8000.00   3.7182130e+38   9.0857081e-22
      50.0000      10000.0   2.7489793e+38   2.5686175e-34
      100.000      0.00000   2.8082153e+39   9.8112153e+28
      100.000      50.0000   2.2606833e+39   6.0996908e+28
      100.000      100.000   1.6204149e+39   2.7851690e+28
      100.000      150.000   1.2815039e+39   1.2920482e+28
      100.000      200.000   1.1068667e+39   6.0621215e+27
      100.000      300.000   9.7317994e+38   1.3872219e+27
      100.000      400.000   9.2608844e+38   3.2282962e+26
      100.000      600.000   8.9362999e+38   1.8010674e+25
      100.000      800.000   8.7821067e+38   1.0169533e+24
      100.000      1000.00   8.6972651e+38   5.7816566e+22
      100.000      1500.00   8.3863626e+38   4.4073616e+19
      100.000      2000.00   8.1842845e+38   3.4008900e+16
      100.000      2500.00   7.8940621e+38   2.5917875e+13
      100.000      3000.00   7.5486413e+38   1.9606007e+10
      100.000      3500.00   7.1643769e+38       14700516.
      100.000      4000.00   6.6948776e+38       10857.081
      100.000      5000.00   5.7853096e+38    0.0058649854
      100.000      5500.00   5.3734850e+38   4.3063333e-06
      100.000      6000.00   5.0045609e+38   3.1702312e-09
      100.000      7000.00   4.2880134e+38   1.6968452e-15
      100.000      8000.00   3.7179692e+38   9.1866691e-22
      100.000      10000.0   2.7657983e+38   2.6127369e-34
      150.000      0.00000   2.8230843e+39   9.9661164e+28
      150.000      50.0000   2.2712590e+39   6.1959889e+28
      150.000      100.000   1.6255101e+39   2.8242245e+28
      150.000      150.000   1.2816926e+39   1.3062645e+28
      150.000      200.000   1.1064264e+39   6.1244908e+27
      150.000      300.000   9.7072668e+38   1.3988906e+27
      150.000      400.000   9.2486967e+38   3.2609277e+26
      150.000      600.000   8.9431407e+38   1.8211024e+25
      150.000      800.000   8.7808486e+38   1.0279615e+24
      150.000      1000.00   8.6966361e+38   5.8449694e+22
      150.000      1500.00   8.3910017e+38   4.4577241e+19
      150.000      2000.00   8.2004038e+38   3.4440264e+16
      150.000      2500.00   7.8934331e+38   2.6210693e+13
      150.000      3000.00   7.5427441e+38   1.9802504e+10
      150.000      3500.00   7.1565926e+38       14843780.
      150.000      4000.00   6.6808815e+38       10954.032
      150.000      5000.00   5.7807726e+38    0.0059239659
      150.000      5500.00   5.3756158e+38   4.3543212e-06
      150.000      6000.00   4.9894167e+38   3.1955343e-09
      150.000      7000.00   4.2887132e+38   1.7156772e-15
      150.000      8000.00   3.7199586e+38   9.2879447e-22
      150.000      10000.0   2.7741094e+38   2.6489696e-34
      200.000      0.00000   2.8385115e+39   1.0127544e+29
      200.000      50.0000   2.2829513e+39   6.2957074e+28
      200.000      100.000   1.6317927e+39   2.8656547e+28
      200.000      150.000   1.2836505e+39   1.3222814e+28
      200.000      200.000   1.1063949e+39   6.1924114e+27
      200.000      300.000   9.7084463e+38   1.4135944e+27
      200.000      400.000   9.2313195e+38   3.2885033e+26
      200.000      600.000   8.9372435e+38   1.8399499e+25
      200.000      800.000   8.7786470e+38   1.0382542e+24
      200.000      1000.00   8.6851561e+38   5.9013394e+22
      200.000      1500.00   8.3785782e+38   4.5000270e+19
      200.000      2000.00   8.1882947e+38   3.4759974e+16
      200.000      2500.00   7.8847052e+38   2.6466161e+13
      200.000      3000.00   7.5486413e+38   2.0026914e+10
      200.000      3500.00   7.1456630e+38       14980440.
      200.000      4000.00   6.6759278e+38       11061.598
      200.000      5000.00   5.7692612e+38    0.0059759718
      200.000      5500.00   5.3854918e+38   4.4095667e-06
      200.000      6000.00   4.9825759e+38   3.2246746e-09
      200.000      7000.00   4.2868969e+38   1.7335969e-15
      200.000      8000.00   3.7153901e+38   9.3802563e-22
      200.000      10000.0   2.7775848e+38   2.6809878e-34
      300.000      0.00000   2.8710407e+39   1.0456296e+29
      300.000      50.0000   2.3080815e+39   6.5011126e+28
      300.000      100.000   1.6441140e+39   2.9488295e+28
      300.000      150.000   1.2894691e+39   1.3567764e+28
      300.000      200.000   1.1069846e+39   6.3260903e+27
      300.000      300.000   9.7016055e+38   1.4423966e+27
      300.000      400.000   9.2200754e+38   3.3551658e+26
      300.000      600.000   8.9350418e+38   1.8787617e+25
      300.000      800.000   8.7861168e+38   1.0613321e+24
      300.000      1000.00   8.6823254e+38   6.0236719e+22
      300.000      1500.00   8.3940684e+38   4.6030560e+19
      300.000      2000.00   8.1649417e+38   3.5397271e+16
      300.000      2500.00   7.9023185e+38   2.7078297e+13
      300.000      3000.00   7.5551676e+38   2.0462132e+10
      300.000      3500.00   7.1201083e+38       15246367.
      300.000      4000.00   6.6752988e+38       11296.545
      300.000      5000.00   5.7702754e+38    0.0061040208
      300.000      5500.00   5.3791070e+38   4.4980727e-06
      300.000      6000.00   4.9751768e+38   3.2883650e-09
      300.000      7000.00   4.2863071e+38   1.7701127e-15
      300.000      8000.00   3.6972501e+38   9.5323268e-22
      300.000      10000.0   2.7965426e+38   2.7565985e-34
      400.000      0.00000   2.9033262e+39   1.0786306e+29
      400.000      50.0000   2.3329678e+39   6.7096944e+28
      400.000      100.000   1.6577956e+39   3.0373432e+28
      400.000      150.000   1.2928266e+39   1.3888417e+28
      400.000      200.000   1.1091627e+39   6.4726487e+27
      400.000      300.000   9.6780164e+38   1.4695240e+27
      400.000      400.000   9.2269163e+38   3.4263338e+26
      400.000      600.000   8.9421971e+38   1.9193190e+25
      400.000      800.000   8.7792760e+38   1.0828846e+24
      400.000      1000.00   8.6702164e+38   6.1413653e+22
      400.000      1500.00   8.3931249e+38   4.7002584e+19
      400.000      2000.00   8.1506310e+38   3.6067041e+16
      400.000      2500.00   7.8985443e+38   2.7632167e+13
      400.000      3000.00   7.5281189e+38   2.0814630e+10
      400.000      3500.00   7.1045396e+38       15531637.
      400.000      4000.00   6.6743552e+38       11531.491
      400.000      5000.00   5.7840908e+38    0.0062459874
      400.000      5500.00   5.3584116e+38   4.5740136e-06
      400.000      6000.00   4.9693503e+38   3.3533134e-09
      400.000      7000.00   4.2937140e+38   1.8100018e-15
      400.000      8000.00   3.7016848e+38   9.7442352e-22
      400.000      10000.0   2.8060882e+38   2.8230173e-34
      600.000      0.00000   2.9642330e+39   1.1441058e+29
      600.000      50.0000   2.3821115e+39   7.1352007e+28
      600.000      100.000   1.6852297e+39   3.2161872e+28
      600.000      150.000   1.3036539e+39   1.4584843e+28
      600.000      200.000   1.1138883e+39   6.7642638e+27
      600.000      300.000   9.6316248e+38   1.5221117e+27
      600.000      400.000   9.1964864e+38   3.5564192e+26
      600.000      600.000   8.9098801e+38   1.9910453e+25
      600.000      800.000   8.7848587e+38   1.1274206e+24
      600.000      1000.00   8.6739120e+38   6.3932565e+22
      600.000      1500.00   8.4036612e+38   4.8975254e+19
      600.000      2000.00   8.1683228e+38   3.7621557e+16
      600.000      2500.00   7.8897378e+38   2.8724888e+13
      600.000      3000.00   7.5262318e+38   2.1658881e+10
      600.000      3500.00   7.0842531e+38       16112399.
      600.000      4000.00   6.6563489e+38       11973.470
      600.000      5000.00   5.7911753e+38    0.0065108057
      600.000      5500.00   5.3549597e+38   4.7578664e-06
      600.000      6000.00   4.9728022e+38   3.4924887e-09
      600.000      7000.00   4.3024812e+38   1.8879477e-15
      600.000      8000.00   3.7317057e+38   1.0219711e-21
      600.000      10000.0   2.8309037e+38   2.9637886e-34
      800.000      0.00000   3.0230797e+39   1.2101707e+29
      800.000      50.0000   2.4306971e+39   7.5709681e+28
      800.000      100.000   1.7140947e+39   3.4030592e+28
      800.000      150.000   1.3118944e+39   1.5256343e+28
      800.000      200.000   1.1173717e+39   7.0541333e+27
      800.000      300.000   9.5989933e+38   1.5766101e+27
      800.000      400.000   9.1513528e+38   3.6760312e+26
      800.000      600.000   8.8862125e+38   2.0627009e+25
      800.000      800.000   8.8115929e+38   1.1753456e+24
      800.000      1000.00   8.6941200e+38   6.6598437e+22
      800.000      1500.00   8.3883285e+38   5.0788384e+19
      800.000      2000.00   8.1639195e+38   3.9098229e+16
      800.000      2500.00   7.8685863e+38   2.9777509e+13
      800.000      3000.00   7.5012275e+38   2.2437476e+10
      800.000      3500.00   7.0773337e+38       16736328.
      800.000      4000.00   6.6358265e+38       12399.567
      800.000      5000.00   5.7905856e+38    0.0067603774
      800.000      5500.00   5.3651502e+38   4.9539306e-06
      800.000      6000.00   5.0030354e+38   3.6510777e-09
      800.000      7000.00   4.3384701e+38   1.9782623e-15
      800.000      8000.00   3.7429498e+38   1.0655086e-21
      800.000      10000.0   2.8490830e+38   3.0989537e-34
      1000.00      0.00000   3.0788205e+39   1.2756459e+29
      1000.00      50.0000   2.4772932e+39   8.0083083e+28
      1000.00      100.000   1.7369917e+39   3.5811012e+28
      1000.00      150.000   1.3244594e+39   1.5991927e+28
      1000.00      200.000   1.1153823e+39   7.3076364e+27
      1000.00      300.000   9.5495351e+38   1.6279870e+27
      1000.00      400.000   9.1146327e+38   3.8010530e+26
      1000.00      600.000   8.8946259e+38   2.1438156e+25
      1000.00      800.000   8.8361256e+38   1.2230190e+24
      1000.00      1000.00   8.7385459e+38   6.9486596e+22
      1000.00      1500.00   8.4367647e+38   5.3031856e+19
      1000.00      2000.00   8.1576292e+38   4.0539989e+16
      1000.00      2500.00   7.8585217e+38   3.0866378e+13
      1000.00      3000.00   7.4765378e+38   2.3216071e+10
      1000.00      3500.00   7.0859831e+38       17385498.
      1000.00      4000.00   6.6140460e+38       12828.416
      1000.00      5000.00   5.7936915e+38    0.0070198566
      1000.00      5500.00   5.3675325e+38   5.1430594e-06
      1000.00      6000.00   5.0179436e+38   3.8006949e-09
      1000.00      7000.00   4.3452873e+38   2.0561374e-15
      1000.00      8000.00   3.7485403e+38   1.1072769e-21
      1000.00      10000.0   2.8510330e+38   3.2156172e-34
      1500.00      0.00000   3.1996905e+39   1.4367038e+29
      1500.00      50.0000   2.5850398e+39   9.1327172e+28
      1500.00      100.000   1.8012482e+39   4.0635670e+28
      1500.00      150.000   1.3439911e+39   1.7728707e+28
      1500.00      200.000   1.1109712e+39   7.9477633e+27
      1500.00      300.000   9.5442668e+38   1.7748600e+27
      1500.00      400.000   9.1961719e+38   4.1820231e+26
      1500.00      600.000   9.0662753e+38   2.3831103e+25
      1500.00      800.000   8.9829278e+38   1.3562260e+24
      1500.00      1000.00   8.8504364e+38   7.6760973e+22
      1500.00      1500.00   8.4987253e+38   5.8273335e+19
      1500.00      2000.00   8.1766579e+38   4.4310301e+16
      1500.00      2500.00   7.8353261e+38   3.3569050e+13
      1500.00      3000.00   7.4236987e+38   2.5137948e+10
      1500.00      3500.00   7.0268534e+38       18812555.
      1500.00      4000.00   6.5431532e+38       13847.933
      1500.00      5000.00   5.6861885e+38    0.0075193936
      1500.00      5500.00   5.2980079e+38   5.5380812e-06
      1500.00      6000.00   4.9393057e+38   4.0811370e-09
      1500.00      7000.00   4.3076706e+38   2.2233993e-15
      1500.00      8000.00   3.7529276e+38   1.2091499e-21
      1500.00      10000.0   2.8490830e+38   3.4999594e-34
      2000.00      0.00000   3.3028295e+39   1.5948366e+29
      2000.00      50.0000   2.6859457e+39   1.0292903e+29
      2000.00      100.000   1.8564307e+39   4.5528422e+28
      2000.00      150.000   1.3567843e+39   1.9420824e+28
      2000.00      200.000   1.1120248e+39   8.6192635e+27
      2000.00      300.000   9.4226263e+38   1.8985214e+27
      2000.00      400.000   9.0934811e+38   4.4803375e+26
      2000.00      600.000   9.0062806e+38   2.5648163e+25
      2000.00      800.000   8.9489597e+38   1.4638863e+24
      2000.00      1000.00   8.8430455e+38   8.3090691e+22
      2000.00      1500.00   8.5058809e+38   6.3176861e+19
      2000.00      2000.00   8.1393090e+38   4.7774427e+16
      2000.00      2500.00   7.7513495e+38   3.5965539e+13
      2000.00      3000.00   7.3693656e+38   2.7031911e+10
      2000.00      3500.00   6.9177938e+38       20063088.
      2000.00      4000.00   6.4878687e+38       14870.596
      2000.00      5000.00   5.6109081e+38    0.0080352069
      2000.00      5500.00   5.2453022e+38   5.9395900e-06
      2000.00      6000.00   4.8744043e+38   4.3630965e-09
      2000.00      7000.00   4.2655169e+38   2.3849448e-15
      2000.00      8000.00   3.7274985e+38   1.3003686e-21
      2000.00      10000.0   2.8279867e+38   3.7527160e-34
      3000.00      0.00000   3.4584618e+39   1.8970981e+29
      3000.00      50.0000   2.8551575e+39   1.2655577e+29
      3000.00      100.000   1.9536016e+39   5.5728541e+28
      3000.00      150.000   1.3854213e+39   2.2985122e+28
      3000.00      200.000   1.1031632e+39   9.8895311e+27
      3000.00      300.000   9.2496403e+38   2.1509394e+27
      3000.00      400.000   8.9087006e+38   5.0662883e+26
      3000.00      600.000   8.8459541e+38   2.9065817e+25
      3000.00      800.000   8.7793551e+38   1.6572848e+24
      3000.00      1000.00   8.6564571e+38   9.3863009e+22
      3000.00      1500.00   8.2849317e+38   7.1043805e+19
      3000.00      2000.00   7.9414768e+38   5.3785463e+16
      3000.00      2500.00   7.5786787e+38   4.0581440e+13
      3000.00      3000.00   7.1327684e+38   3.0190090e+10
      3000.00      3500.00   6.7116265e+38       22447940.
      3000.00      4000.00   6.2675005e+38       16576.005
      3000.00      5000.00   5.4506210e+38    0.0090092766
      3000.00      5500.00   5.0508029e+38   6.6009949e-06
      3000.00      6000.00   4.7264619e+38   4.8808206e-09
      3000.00      7000.00   4.1249580e+38   2.6607478e-15
      3000.00      8000.00   3.6426490e+38   1.4649572e-21
      3000.00      10000.0   2.7609308e+38   4.1892309e-34
      4000.00      0.00000   3.5551768e+39   2.1739150e+29
      4000.00      50.0000   2.9828683e+39   1.5001424e+29
      4000.00      100.000   2.0436173e+39   6.6676982e+28
      4000.00      150.000   1.4142392e+39   2.6761327e+28
      4000.00      200.000   1.1174896e+39   1.1391994e+28
      4000.00      300.000   9.1996318e+38   2.4260738e+27
      4000.00      400.000   8.7731431e+38   5.6525854e+26
      4000.00      600.000   8.6754855e+38   3.2299402e+25
      4000.00      800.000   8.5842757e+38   1.8361919e+24
      4000.00      1000.00   8.4335427e+38   1.0365483e+23
      4000.00      1500.00   8.0251397e+38   7.7982134e+19
      4000.00      2000.00   7.6001453e+38   5.8335245e+16
      4000.00      2500.00   7.1782957e+38   4.3547137e+13
      4000.00      3000.00   6.7345868e+38   3.2311848e+10
      4000.00      3500.00   6.3462019e+38       24070081.
      4000.00      4000.00   5.9377896e+38       17797.839
      4000.00      5000.00   5.1937134e+38    0.0097284281
      4000.00      5500.00   4.8473008e+38   7.1759384e-06
      4000.00      6000.00   4.5422475e+38   5.3153306e-09
      4000.00      7000.00   3.9500924e+38   2.8855040e-15
      4000.00      8000.00   3.4909401e+38   1.5870304e-21
      4000.00      10000.0   2.7219301e+38   4.6069923e-34
      4500.00      0.00000   3.5590376e+39   2.2864346e+29
      4500.00      50.0000   3.0073223e+39   1.6013550e+29
      4500.00      100.000   2.0645487e+39   7.1618566e+28
      4500.00      150.000   1.4180135e+39   2.8508331e+28
      4500.00      200.000   1.1124888e+39   1.2033616e+28
      4500.00      300.000   9.0262540e+38   2.5230956e+27
      4500.00      400.000   8.5765695e+38   5.8549015e+26
      4500.00      600.000   8.4464379e+38   3.3303828e+25
      4500.00      800.000   8.3581372e+38   1.8935293e+24
      4500.00      1000.00   8.2000916e+38   1.0667581e+23
      4500.00      1500.00   7.7924747e+38   8.0149978e+19
      4500.00      2000.00   7.4007405e+38   6.0146969e+16
      4500.00      2500.00   6.9546725e+38   4.4682560e+13
      4500.00      3000.00   6.5242519e+38   3.3152248e+10
      4500.00      3500.00   6.1097852e+38       24530226.
      4500.00      4000.00   5.7325419e+38       18196.574
      4500.00      5000.00   5.0243208e+38    0.0099634542
      4500.00      5500.00   4.6816116e+38   7.3402757e-06
      4500.00      6000.00   4.3980322e+38   5.4481055e-09
      4500.00      7000.00   3.8615472e+38   2.9847509e-15
      4500.00      8000.00   3.4038967e+38   1.6348454e-21
      4500.00      10000.0   2.7021547e+38   4.7850109e-34
      5000.00      0.00000   3.0063336e+39   1.7215185e+29
      5000.00      50.0000   2.5869680e+39   1.2402397e+29
      5000.00      100.000   1.8519815e+39   5.8405302e+28
      5000.00      150.000   1.3211500e+39   2.4180785e+28
      5000.00      200.000   1.0381133e+39   1.0216403e+28
      5000.00      300.000   8.5135907e+38   2.1624602e+27
      5000.00      400.000   8.1180816e+38   5.0343288e+26
      5000.00      600.000   8.0558070e+38   2.8848740e+25
      5000.00      800.000   7.9866916e+38   1.6435177e+24
      5000.00      1000.00   7.8405972e+38   9.2669467e+22
      5000.00      1500.00   7.5160131e+38   7.0210367e+19
      5000.00      2000.00   7.1264013e+38   5.2632066e+16
      5000.00      2500.00   6.6824562e+38   3.9018448e+13
      5000.00      3000.00   6.2786201e+38   2.8968503e+10
      5000.00      3500.00   5.8709076e+38       21414275.
      5000.00      4000.00   5.4819089e+38       15804.255
      5000.00      5000.00   4.8235393e+38    0.0086879959
      5000.00      5500.00   4.4936153e+38   6.3969509e-06
      5000.00      6000.00   4.2079442e+38   4.7331696e-09
      5000.00      7000.00   3.7375712e+38   2.6211576e-15
      5000.00      8000.00   3.3051531e+38   1.4375154e-21
      5000.00      10000.0   2.6438898e+38   4.1860776e-34
      6000.00      0.00000   2.1971301e+39   1.0046178e+29
      6000.00      50.0000   1.9441141e+39   7.5675991e+28
      6000.00      100.000   1.4917708e+39   3.8811752e+28
      6000.00      150.000   1.1349866e+39   1.7204901e+28
      6000.00      200.000   9.2352656e+38   7.5293064e+27
      6000.00      300.000   7.6436345e+38   1.6043377e+27
      6000.00      400.000   7.2655022e+38   3.7209348e+26
      6000.00      600.000   7.1858497e+38   2.1233986e+25
      6000.00      800.000   7.1343470e+38   1.2105264e+24
      6000.00      1000.00   7.0561886e+38   6.8788776e+22
      6000.00      1500.00   6.7472504e+38   5.1983079e+19
      6000.00      2000.00   6.3707689e+38   3.8801051e+16
      6000.00      2500.00   5.9979282e+38   2.8880524e+13
      6000.00      3000.00   5.6507604e+38   2.1509029e+10
      6000.00      3500.00   5.3005102e+38       15944770.
      6000.00      4000.00   4.9700986e+38       11821.721
      6000.00      5000.00   4.4302007e+38    0.0065770934
      6000.00      5500.00   4.1538158e+38   4.8731004e-06
      6000.00      6000.00   3.8984409e+38   3.6112288e-09
      6000.00      7000.00   3.4638365e+38   1.9945703e-15
      6000.00      8000.00   3.0856337e+38   1.0948454e-21
      6000.00      10000.0   2.5407115e+38   3.1691626e-34
      8000.00      0.00000   1.2586665e+39   3.7194438e+28
      8000.00      50.0000   1.1762306e+39   3.0185501e+28
      8000.00      100.000   9.7224971e+38   1.7131395e+28
      8000.00      150.000   8.0540589e+38   8.3511238e+27
      8000.00      200.000   6.9868742e+38   3.9041934e+27
      8000.00      300.000   6.0318633e+38   8.6618544e+26
      8000.00      400.000   5.7813947e+38   2.0183583e+26
      8000.00      600.000   5.6184099e+38   1.1294220e+25
      8000.00      800.000   5.4729675e+38   6.3148058e+23
      8000.00      1000.00   5.3489124e+38   3.5448216e+22
      8000.00      1500.00   4.9673432e+38   2.6018724e+19
      8000.00      2000.00   4.6397773e+38   1.9207305e+16
      8000.00      2500.00   4.3943956e+38   1.4372256e+13
      8000.00      3000.00   4.1889111e+38   1.0823911e+10
      8000.00      3500.00   3.9796995e+38       8121392.8
      8000.00      4000.00   3.8052976e+38       6128.3543
      8000.00      5000.00   3.4692950e+38    0.0034729592
      8000.00      5500.00   3.3163672e+38   2.6126275e-06
      8000.00      6000.00   3.1662463e+38   1.9578114e-09
      8000.00      7000.00   2.8832562e+38   1.0882015e-15
      8000.00      8000.00   2.6326696e+38   5.9298973e-22
      8000.00      10000.0   2.2186979e+38   1.5533221e-34
      10000.0      0.00000   7.3006575e+38   1.3893706e+28
      10000.0      50.0000   7.0871607e+38   1.1826926e+28
      10000.0      100.000   6.2838903e+38   7.3171856e+27
      10000.0      150.000   5.3801304e+38   3.7278990e+27
      10000.0      200.000   4.8128433e+38   1.8046058e+27
      10000.0      300.000   4.2430401e+38   4.0963585e+26
      10000.0      400.000   4.0292005e+38   9.4483159e+25
      10000.0      600.000   3.8295898e+38   5.1502705e+24
      10000.0      800.000   3.6904849e+38   2.8425761e+23
      10000.0      1000.00   3.5623255e+38   1.5730758e+22
      10000.0      1500.00   3.3091283e+38   1.1523350e+19
      10000.0      2000.00   3.1004198e+38   8.5118123e+15
      10000.0      2500.00   2.9437566e+38   6.3608984e+12
      10000.0      3000.00   2.8382584e+38   4.8248497e+09
      10000.0      3500.00   2.7584800e+38       3680725.3
      10000.0      4000.00   2.6833957e+38       2804.6277
      10000.0      5000.00   2.5341712e+38    0.0016098187
      10000.0      5500.00   2.4447922e+38   1.2031199e-06
      10000.0      6000.00   2.3787586e+38   9.0202936e-10
      10000.0      7000.00   2.2361861e+38   4.9138490e-16
      10000.0      8000.00   2.0857585e+38   2.5461380e-22
      10000.0      10000.0   1.8195874e+38   5.6290911e-35
      12000.0      0.00000   3.8764427e+38   4.2303715e+27
      12000.0      50.0000   3.7847473e+38   3.6388175e+27
      12000.0      100.000   3.4946254e+38   2.3646039e+27
      12000.0      150.000   3.1704551e+38   1.2866350e+27
      12000.0      200.000   2.9034174e+38   6.4141306e+26
      12000.0      300.000   2.5713998e+38   1.4703284e+26
      12000.0      400.000   2.4101575e+38   3.3524808e+25
      12000.0      600.000   2.2429817e+38   1.7873166e+24
      12000.0      800.000   2.1543843e+38   9.7957356e+22
      12000.0      1000.00   2.1008056e+38   5.4556781e+21
      12000.0      1500.00   1.9837520e+38   4.0226050e+18
      12000.0      2000.00   1.8774408e+38   2.9706381e+15
      12000.0      2500.00   1.8120722e+38   2.2307936e+12
      12000.0      3000.00   1.7990900e+38   1.7167406e+09
      12000.0      3500.00   1.7881525e+38       1316049.0
      12000.0      4000.00   1.7901889e+38       1010.1933
      12000.0      5000.00   1.7543727e+38   0.00057000817
      12000.0      5500.00   1.7301624e+38   4.2110227e-07
      12000.0      6000.00   1.7116606e+38   3.0871537e-10
      12000.0      7000.00   1.6474355e+38   1.5727920e-16
      12000.0      8000.00   1.5701341e+38   7.4654613e-23
      12000.0      10000.0   1.4453712e+38   1.3361068e-35
      15000.0      0.00000   8.2759932e+37   1.8070928e+26
      15000.0      50.0000   8.1196962e+37   1.5653033e+26
      15000.0      100.000   7.7960145e+37   1.0638545e+26
      15000.0      150.000   7.4222411e+37   6.1153900e+25
      15000.0      200.000   7.0935020e+37   3.1998955e+25
      15000.0      300.000   6.6455614e+37   7.8416558e+24
      15000.0      400.000   6.4198610e+37   1.8615341e+24
      15000.0      600.000   6.1286271e+37   1.0337859e+23
      15000.0      800.000   6.0025195e+37   5.8613783e+21
      15000.0      1000.00   6.2008243e+37   3.5135903e+20
      15000.0      1500.00   6.6900620e+37   3.1034004e+17
      15000.0      2000.00   7.3460715e+37   2.8650820e+14
      15000.0      2500.00   7.6361883e+37   2.6120232e+11
      15000.0      3000.00   7.9502839e+37   2.5229490e+08
      15000.0      3500.00   8.3158975e+37       261016.06
      15000.0      4000.00   8.6374459e+37       285.38271
      15000.0      5000.00   9.3090252e+37   0.00038874753
      15000.0      5500.00   9.6258266e+37   4.6665195e-07
      15000.0      6000.00   9.7941735e+37   5.5311212e-10
      15000.0      7000.00   9.8191005e+37   7.3628665e-16
      15000.0      8000.00   9.9279241e+37   9.2693961e-22
      15000.0      10000.0   9.3135844e+37   1.0232064e-33
      18000.0      0.00000   1.1846535e+37   1.0215612e+24
      18000.0      50.0000   1.2014127e+37   9.1488328e+23
      18000.0      100.000   1.2377068e+37   6.6800411e+23
      18000.0      150.000   1.3081432e+37   4.2690595e+23
      18000.0      200.000   1.4044734e+37   2.5173255e+23
      18000.0      300.000   1.5940162e+37   7.5394201e+22
      18000.0      400.000   1.6640794e+37   1.9582664e+22
      18000.0      600.000   1.5777749e+37   1.1305136e+21
      18000.0      800.000   1.4246139e+37   6.4561990e+19
      18000.0      1000.00   1.5617131e+37   4.8062927e+18
      18000.0      1500.00   1.9660454e+37   1.1408452e+16
      18000.0      2000.00   2.4503627e+37   4.5156811e+13
      18000.0      2500.00   2.7946200e+37   1.9504765e+11
      18000.0      3000.00   3.1768854e+37   8.6128136e+08
      18000.0      3500.00   3.7674264e+37       3925926.0
      18000.0      4000.00   4.2204995e+37       16613.507
      18000.0      5000.00   4.8894515e+37      0.25900539
      18000.0      5500.00   5.0868283e+37   0.00095855664
      18000.0      6000.00   5.3782393e+37   3.5251468e-06
      18000.0      7000.00   5.7306682e+37   4.2435988e-11
      18000.0      8000.00   6.0102389e+37   4.5569725e-16
      18000.0      10000.0   5.9703576e+37   3.4189736e-26
      24000.0      0.00000   4.1298167e+36   1.1695747e+18
      24000.0      50.0000   4.4661886e+36   1.1169661e+18
      24000.0      100.000   4.7772541e+36   8.4554154e+17
      24000.0      150.000   5.2076520e+36   5.5673396e+17
      24000.0      200.000   5.9100764e+36   3.4689577e+17
      24000.0      300.000   7.6138389e+36   1.1823254e+17
      24000.0      400.000   8.0744074e+36   3.1653708e+16
      24000.0      600.000   7.5655096e+36   2.0200793e+15
      24000.0      800.000   7.3770705e+36   1.7596230e+14
      24000.0      1000.00   8.4441116e+36   2.6436884e+13
      24000.0      1500.00   9.4035373e+36   4.3304378e+11
      24000.0      2000.00   6.9066227e+36   5.6577868e+09
      24000.0      2500.00   6.7782104e+36       96999489.
      24000.0      3000.00   2.3234045e+36       565076.98
      24000.0      3500.00   3.5497852e+36       14267.266
      24000.0      4000.00   7.1998919e+36       464.72529
      24000.0      5000.00   1.5324714e+37      0.23378885
      24000.0      5500.00   1.8900060e+37    0.0042415650
      24000.0      6000.00   2.1874136e+37   7.0067529e-05
      24000.0      7000.00   2.4389580e+37   1.4532189e-08
      24000.0      8000.00   2.6453299e+37   2.5853430e-12
      24000.0      10000.0   2.7267128e+37   4.8298413e-20
