face-on central tau B
      3.78000
sfr
      1.00000
old
     0.350000
bd
     0.450000
      tau1
      3.17000
   hd [pc]
      5200.00
   zd [pc]
      140.000
 hdin [pc]
      4500.00
 zdin [pc]
      140.000
   hdsolar [pc]
      8000.00
   zdsolar [pc]
      140.000
      tau2
     0.610000
  hd1 [pc]
      3200.00
  zd1 [pc]
      50.0000
hd1in [pc]
      4500.00
zd1in [pc]
      67.0000
  hd1solar [pc]
      8000.00
  zd1solar [pc]
      90.0000
   hs [pc]
      3200.00
   zs [pc]
      140.000
 hsin [pc]
      4500.00
 zsin [pc]
      170.000
   hssolar [pc]
      8000.00
   zssolar [pc]
      300.000
 rtruncate [pc]
      14000.0
  hs1 [pc]
      3200.00
  zs1 [pc]
      50.0000
hs1in [pc]
      4500.00
zs1in [pc]
      67.0000
  hs1solar [pc]
      8000.00
  zs1solar [pc]
      90.0000
rtruncate1 [pc]
      14000.0
   ifinns2
           3
   ifinns1
           3
   ifinnd1
           3
   ifinnd2
           3
    idisk1
           3
    idisk2
           3
nposition in r
          23
nposition in z
          22
          
    r(pc)      z(pc)   urad(erg/pc3/A)        eabs(erg/s/pc3/A)
      0.00000      0.00000   1.8412485e+39   7.9804574e+28
      0.00000      50.0000   1.4565022e+39   4.8733384e+28
      0.00000      100.000   1.0037844e+39   2.1399127e+28
      0.00000      150.000   7.4947858e+38   9.3704737e+27
      0.00000      200.000   6.2155458e+38   4.2222642e+27
      0.00000      300.000   5.2598424e+38   9.2990356e+26
      0.00000      400.000   4.9665281e+38   2.1479324e+26
      0.00000      600.000   4.7376144e+38   1.1839025e+25
      0.00000      800.000   4.6481927e+38   6.6741158e+23
      0.00000      1000.00   4.5888358e+38   3.7841294e+22
      0.00000      1500.00   4.4263856e+38   2.8853766e+19
      0.00000      2000.00   4.3438742e+38   2.2384698e+16
      0.00000      2500.00   4.2435756e+38   1.7285767e+13
      0.00000      3000.00   4.1071416e+38   1.3225756e+10
      0.00000      3500.00   3.9433080e+38       10035334.
      0.00000      4000.00   3.7225239e+38       7488.8898
      0.00000      5000.00   3.2783204e+38    0.0041222247
      0.00000      5500.00   3.0707871e+38   3.0525920e-06
      0.00000      6000.00   2.8895159e+38   2.2703449e-09
      0.00000      7000.00   2.5184639e+38   1.2361668e-15
      0.00000      8000.00   2.1893684e+38   6.7057777e-22
      0.00000      10000.0   1.6705559e+38   1.9573899e-34
      50.0000      0.00000   1.8454116e+39   8.0896733e+28
      50.0000      50.0000   1.4592262e+39   4.9369663e+28
      50.0000      100.000   1.0044269e+39   2.1643772e+28
      50.0000      150.000   7.4881042e+38   9.4663265e+27
      50.0000      200.000   6.2113827e+38   4.2658992e+27
      50.0000      300.000   5.2562448e+38   9.3946317e+26
      50.0000      400.000   4.9637528e+38   2.1704437e+26
      50.0000      600.000   4.7295452e+38   1.1954152e+25
      50.0000      800.000   4.6462396e+38   6.7461215e+23
      50.0000      1000.00   4.5854951e+38   3.8236015e+22
      50.0000      1500.00   4.4255633e+38   2.9170880e+19
      50.0000      2000.00   4.3419211e+38   2.2624205e+16
      50.0000      2500.00   4.2397212e+38   1.7461031e+13
      50.0000      3000.00   4.1026700e+38   1.3356562e+10
      50.0000      3500.00   3.9402241e+38       10139670.
      50.0000      4000.00   3.7208794e+38       7571.8975
      50.0000      5000.00   3.2797080e+38    0.0041697162
      50.0000      5500.00   3.0707353e+38   3.0858465e-06
      50.0000      6000.00   2.8872541e+38   2.2939623e-09
      50.0000      7000.00   2.5190032e+38   1.2501470e-15
      50.0000      8000.00   2.1903705e+38   6.7869876e-22
      50.0000      10000.0   1.6733307e+38   1.9830117e-34
      100.000      0.00000   1.8540462e+39   8.2127659e+28
      100.000      50.0000   1.4646741e+39   5.0106163e+28
      100.000      100.000   1.0064313e+39   2.1924393e+28
      100.000      150.000   7.4883610e+38   9.5747719e+27
      100.000      200.000   6.2066543e+38   4.3095343e+27
      100.000      300.000   5.2387188e+38   9.4691557e+26
      100.000      400.000   4.9542959e+38   2.1901797e+26
      100.000      600.000   4.7212191e+38   1.2063368e+25
      100.000      800.000   4.6448519e+38   6.8184357e+23
      100.000      1000.00   4.5841074e+38   3.8647698e+22
      100.000      1500.00   4.4256152e+38   2.9491080e+19
      100.000      2000.00   4.3377581e+38   2.2849837e+16
      100.000      2500.00   4.2409040e+38   1.7662510e+13
      100.000      3000.00   4.0921340e+38   1.3471950e+10
      100.000      3500.00   3.9388881e+38       10248891.
      100.000      4000.00   3.7161509e+38       7642.5694
      100.000      5000.00   3.2869033e+38    0.0042247116
      100.000      5500.00   3.0706835e+38   3.1201800e-06
      100.000      6000.00   2.8818568e+38   2.3147012e-09
      100.000      7000.00   2.5190028e+38   1.2641530e-15
      100.000      8000.00   2.1989276e+38   6.8895263e-22
      100.000      10000.0   1.6776992e+38   2.0096617e-34
      150.000      0.00000   1.8629377e+39   8.3425401e+28
      150.000      50.0000   1.4709186e+39   5.0884295e+28
      150.000      100.000   1.0077933e+39   2.2196790e+28
      150.000      150.000   7.4749980e+38   9.6634296e+27
      150.000      200.000   6.1977629e+38   4.3503939e+27
      150.000      300.000   5.2276173e+38   9.5511319e+26
      150.000      400.000   4.9445823e+38   2.2093503e+26
      150.000      600.000   4.7253822e+38   1.2205991e+25
      150.000      800.000   4.6434642e+38   6.8870488e+23
      150.000      1000.00   4.5832851e+38   3.9053726e+22
      150.000      1500.00   4.4320398e+38   2.9852911e+19
      150.000      2000.00   4.3371927e+38   2.3097568e+16
      150.000      2500.00   4.2367927e+38   1.7831607e+13
      150.000      3000.00   4.0952179e+38   1.3628198e+10
      150.000      3500.00   3.9411499e+38       10365049.
      150.000      4000.00   3.7092125e+38       7712.7277
      150.000      5000.00   3.2760587e+38    0.0042566301
      150.000      5500.00   3.0711971e+38   3.1542566e-06
      150.000      6000.00   2.8819085e+38   2.3395526e-09
      150.000      7000.00   2.5190280e+38   1.2776192e-15
      150.000      8000.00   2.1995440e+38   6.9661093e-22
      150.000      10000.0   1.6804485e+38   2.0347181e-34
      200.000      0.00000   1.8726513e+39   8.4725712e+28
      200.000      50.0000   1.4783454e+39   5.1678871e+28
      200.000      100.000   1.0092067e+39   2.2469188e+28
      200.000      150.000   7.4816795e+38   9.7734159e+27
      200.000      200.000   6.1827553e+38   4.3865251e+27
      200.000      300.000   5.2228889e+38   9.6464711e+26
      200.000      400.000   4.9215054e+38   2.2229701e+26
      200.000      600.000   4.7226068e+38   1.2328827e+25
      200.000      800.000   4.6418197e+38   6.9613160e+23
      200.000      1000.00   4.5824629e+38   3.9467977e+22
      200.000      1500.00   4.4362546e+38   3.0206518e+19
      200.000      2000.00   4.3358051e+38   2.3337075e+16
      200.000      2500.00   4.2265654e+38   1.7979632e+13
      200.000      3000.00   4.0935735e+38   1.3771340e+10
      200.000      3500.00   3.9364732e+38       10466561.
      200.000      4000.00   3.7025310e+38       7782.6292
      200.000      5000.00   3.2607425e+38    0.0042821758
      200.000      5500.00   3.0708885e+38   3.1883333e-06
      200.000      6000.00   2.8785678e+38   2.3622193e-09
      200.000      7000.00   2.5191560e+38   1.2917022e-15
      200.000      8000.00   2.2009569e+38   7.0429491e-22
      200.000      10000.0   1.6832234e+38   2.0598516e-34
      300.000      0.00000   1.8929528e+39   8.7390578e+28
      300.000      50.0000   1.4933015e+39   5.3324049e+28
      300.000      100.000   1.0119820e+39   2.3022206e+28
      300.000      150.000   7.4472446e+38   9.9363409e+27
      300.000      200.000   6.1635847e+38   4.4662914e+27
      300.000      300.000   5.1962145e+38   9.7970604e+26
      300.000      400.000   4.8950879e+38   2.2582791e+26
      300.000      600.000   4.7178784e+38   1.2574755e+25
      300.000      800.000   4.6454174e+38   7.1170460e+23
      300.000      1000.00   4.5810752e+38   4.0299564e+22
      300.000      1500.00   4.4321434e+38   3.0821733e+19
      300.000      2000.00   4.3252691e+38   2.3777029e+16
      300.000      2500.00   4.2236368e+38   1.8356375e+13
      300.000      3000.00   4.0955784e+38   1.4064817e+10
      300.000      3500.00   3.9176630e+38       10637203.
      300.000      4000.00   3.7011433e+38       7944.0176
      300.000      5000.00   3.2557054e+38    0.0043665712
      300.000      5500.00   3.0780319e+38   3.2631682e-06
      300.000      6000.00   2.8754838e+38   2.4095059e-09
      300.000      7000.00   2.5198746e+38   1.3192772e-15
      300.000      8000.00   2.2008272e+38   7.1914881e-22
      300.000      10000.0   1.7033442e+38   2.1287240e-34
      400.000      0.00000   1.9121234e+39   9.0055443e+28
      400.000      50.0000   1.5077437e+39   5.4985670e+28
      400.000      100.000   1.0174043e+39   2.3630731e+28
      400.000      150.000   7.4546965e+38   1.0155286e+28
      400.000      200.000   6.1527402e+38   4.5510429e+27
      400.000      300.000   5.1498042e+38   9.9127010e+26
      400.000      400.000   4.8622975e+38   2.2896819e+26
      400.000      600.000   4.6878633e+38   1.2757982e+25
      400.000      800.000   4.6246023e+38   7.2321729e+23
      400.000      1000.00   4.5744455e+38   4.1075646e+22
      400.000      1500.00   4.4216593e+38   3.1387096e+19
      400.000      2000.00   4.3305630e+38   2.4300761e+16
      400.000      2500.00   4.2231749e+38   1.8733118e+13
      400.000      3000.00   4.0914672e+38   1.4343906e+10
      400.000      3500.00   3.9049172e+38       10822493.
      400.000      4000.00   3.7059754e+38       8122.1120
      400.000      5000.00   3.2526215e+38    0.0044532283
      400.000      5500.00   3.0632812e+38   3.3149782e-06
      400.000      6000.00   2.8732221e+38   2.4581801e-09
      400.000      7000.00   2.5187429e+38   1.3462353e-15
      400.000      8000.00   2.2043216e+38   7.3559626e-22
      400.000      10000.0   1.7100497e+38   2.1812514e-34
      600.000      0.00000   1.9482546e+39   9.5328635e+28
      600.000      50.0000   1.5360626e+39   5.8325359e+28
      600.000      100.000   1.0290454e+39   2.4900719e+28
      600.000      150.000   7.4341383e+38   1.0543838e+28
      600.000      200.000   6.0874161e+38   4.6874985e+27
      600.000      300.000   5.1056038e+38   1.0226729e+27
      600.000      400.000   4.8436923e+38   2.3741766e+26
      600.000      600.000   4.6709026e+38   1.3227997e+25
      600.000      800.000   4.6070762e+38   7.4971187e+23
      600.000      1000.00   4.5536304e+38   4.2560992e+22
      600.000      1500.00   4.4284963e+38   3.2720834e+19
      600.000      2000.00   4.3297926e+38   2.5286547e+16
      600.000      2500.00   4.2239994e+38   1.9497912e+13
      600.000      3000.00   4.0888472e+38   1.4918531e+10
      600.000      3500.00   3.8917613e+38       11229309.
      600.000      4000.00   3.7006296e+38       8439.2346
      600.000      5000.00   3.2542660e+38    0.0046373871
      600.000      5500.00   3.0592735e+38   3.4460450e-06
      600.000      6000.00   2.8656147e+38   2.5514164e-09
      600.000      7000.00   2.5231867e+38   1.4036464e-15
      600.000      8000.00   2.2278855e+38   7.7352779e-22
      600.000      10000.0   1.7237709e+38   2.2874647e-34
      800.000      0.00000   1.9824327e+39   1.0059669e+29
      800.000      50.0000   1.5641246e+39   6.1753961e+28
      800.000      100.000   1.0399926e+39   2.6165053e+28
      800.000      150.000   7.4403062e+38   1.0966825e+28
      800.000      200.000   6.0546257e+38   4.8456433e+27
      800.000      300.000   5.0839147e+38   1.0587271e+27
      800.000      400.000   4.8233909e+38   2.4567181e+26
      800.000      600.000   4.6598012e+38   1.3717285e+25
      800.000      800.000   4.6054317e+38   7.7887906e+23
      800.000      1000.00   4.5573315e+38   4.4266316e+22
      800.000      1500.00   4.4201206e+38   3.3940991e+19
      800.000      2000.00   4.3319010e+38   2.6295468e+16
      800.000      2500.00   4.2272387e+38   2.0284805e+13
      800.000      3000.00   4.0816542e+38   1.5479540e+10
      800.000      3500.00   3.8874451e+38       11652570.
      800.000      4000.00   3.6900420e+38       8747.3644
      800.000      5000.00   3.2550882e+38    0.0048201580
      800.000      5500.00   3.0643624e+38   3.5873393e-06
      800.000      6000.00   2.8763039e+38   2.6617156e-09
      800.000      7000.00   2.5625286e+38   1.4813333e-15
      800.000      8000.00   2.2510380e+38   8.1223019e-22
      800.000      10000.0   1.7246685e+38   2.3778730e-34
      1000.00      0.00000   2.0146578e+39   1.0585961e+29
      1000.00      50.0000   1.5899767e+39   6.5183084e+28
      1000.00      100.000   1.0489355e+39   2.7421164e+28
      1000.00      150.000   7.4477583e+38   1.1403175e+28
      1000.00      200.000   5.9973709e+38   4.9818422e+27
      1000.00      300.000   5.0600157e+38   1.0934963e+27
      1000.00      400.000   4.8008796e+38   2.5376152e+26
      1000.00      600.000   4.6564605e+38   1.4221477e+25
      1000.00      800.000   4.6174071e+38   8.1010207e+23
      1000.00      1000.00   4.5732650e+38   4.6099617e+22
      1000.00      1500.00   4.4398069e+38   3.5375471e+19
      1000.00      2000.00   4.3374538e+38   2.7316214e+16
      1000.00      2500.00   4.2171668e+38   2.0996661e+13
      1000.00      3000.00   4.0767747e+38   1.6041838e+10
      1000.00      3500.00   3.8881140e+38       12096388.
      1000.00      4000.00   3.6963652e+38       9090.9606
      1000.00      5000.00   3.2612044e+38    0.0050121293
      1000.00      5500.00   3.0656465e+38   3.7236978e-06
      1000.00      6000.00   2.8731164e+38   2.7587037e-09
      1000.00      7000.00   2.5523509e+38   1.5309582e-15
      1000.00      8000.00   2.2474134e+38   8.4139868e-22
      1000.00      10000.0   1.7081710e+38   2.4434091e-34
      1500.00      0.00000   2.0844016e+39   1.1866226e+29
      1500.00      50.0000   1.6505724e+39   7.3953245e+28
      1500.00      100.000   1.0709584e+39   3.0633394e+28
      1500.00      150.000   7.4004739e+38   1.2373269e+28
      1500.00      200.000   5.9517827e+38   5.3965031e+27
      1500.00      300.000   5.0352944e+38   1.1869338e+27
      1500.00      400.000   4.8381417e+38   2.7897116e+26
      1500.00      600.000   4.7932765e+38   1.5974848e+25
      1500.00      800.000   4.7464627e+38   9.0844819e+23
      1500.00      1000.00   4.6811472e+38   5.1469491e+22
      1500.00      1500.00   4.5105846e+38   3.9206585e+19
      1500.00      2000.00   4.3687099e+38   3.0020747e+16
      1500.00      2500.00   4.2331562e+38   2.2990374e+13
      1500.00      3000.00   4.0665020e+38   1.7459916e+10
      1500.00      3500.00   3.8626245e+38       13108417.
      1500.00      4000.00   3.6706189e+38       9848.5725
      1500.00      5000.00   3.2453249e+38    0.0054406388
      1500.00      5500.00   3.0261205e+38   4.0104988e-06
      1500.00      6000.00   2.8371384e+38   2.9716992e-09
      1500.00      7000.00   2.5158319e+38   1.6466562e-15
      1500.00      8000.00   2.2158762e+38   9.0484888e-22
      1500.00      10000.0   1.7003599e+38   2.6479283e-34
      2000.00      0.00000   2.1422220e+39   1.3116683e+29
      2000.00      50.0000   1.7036124e+39   8.2785584e+28
      2000.00      100.000   1.0888697e+39   3.3859501e+28
      2000.00      150.000   7.3737476e+38   1.3382938e+28
      2000.00      200.000   5.9362098e+38   5.8350630e+27
      2000.00      300.000   4.9691481e+38   1.2693469e+27
      2000.00      400.000   4.7703508e+38   2.9798245e+26
      2000.00      600.000   4.7286214e+38   1.7073179e+25
      2000.00      800.000   4.7039088e+38   9.7567445e+23
      2000.00      1000.00   4.6558130e+38   5.5460952e+22
      2000.00      1500.00   4.4957389e+38   4.2338231e+19
      2000.00      2000.00   4.3578740e+38   3.2441077e+16
      2000.00      2500.00   4.1997573e+38   2.4711710e+13
      2000.00      3000.00   4.0241058e+38   1.8717381e+10
      2000.00      3500.00   3.8326677e+38       14093737.
      2000.00      4000.00   3.6226202e+38       10527.555
      2000.00      5000.00   3.1992750e+38    0.0058108641
      2000.00      5500.00   2.9926610e+38   4.2967366e-06
      2000.00      6000.00   2.8005928e+38   3.1785247e-09
      2000.00      7000.00   2.4908511e+38   1.7662087e-15
      2000.00      8000.00   2.2014315e+38   9.7400515e-22
      2000.00      10000.0   1.6856096e+38   2.8358970e-34
      3000.00      0.00000   2.2245067e+39   1.5465467e+29
      3000.00      50.0000   1.7872331e+39   1.0044512e+29
      3000.00      100.000   1.1239985e+39   4.0644755e+28
      3000.00      150.000   7.4983813e+38   1.5780034e+28
      3000.00      200.000   5.9231553e+38   6.7327412e+27
      3000.00      300.000   4.8441542e+38   1.4280314e+27
      3000.00      400.000   4.6362604e+38   3.3421143e+26
      3000.00      600.000   4.5991084e+38   1.9160382e+25
      3000.00      800.000   4.5910025e+38   1.0986160e+24
      3000.00      1000.00   4.5675309e+38   6.2779456e+22
      3000.00      1500.00   4.4305961e+38   4.8138607e+19
      3000.00      2000.00   4.2845066e+38   3.6797693e+16
      3000.00      2500.00   4.1132771e+38   2.7928797e+13
      3000.00      3000.00   3.9259050e+38   2.1068914e+10
      3000.00      3500.00   3.7319483e+38       15833629.
      3000.00      4000.00   3.5197858e+38       11805.090
      3000.00      5000.00   3.1014194e+38    0.0064993039
      3000.00      5500.00   2.9060082e+38   4.8131420e-06
      3000.00      6000.00   2.7203625e+38   3.5619597e-09
      3000.00      7000.00   2.4046611e+38   1.9665131e-15
      3000.00      8000.00   2.1313773e+38   1.0869035e-21
      3000.00      10000.0   1.6736317e+38   3.2199476e-34
      4000.00      0.00000   2.2579144e+39   1.7505364e+29
      4000.00      50.0000   1.8397595e+39   1.1732090e+29
      4000.00      100.000   1.1598725e+39   4.7960411e+28
      4000.00      150.000   7.7173266e+38   1.8517370e+28
      4000.00      200.000   5.9655062e+38   7.7106494e+27
      4000.00      300.000   4.7488193e+38   1.5880279e+27
      4000.00      400.000   4.5175467e+38   3.6912031e+26
      4000.00      600.000   4.4884790e+38   2.1189099e+25
      4000.00      800.000   4.4815147e+38   1.2153722e+24
      4000.00      1000.00   4.4435556e+38   6.9197982e+22
      4000.00      1500.00   4.3141785e+38   5.3125178e+19
      4000.00      2000.00   4.1513786e+38   4.0408226e+16
      4000.00      2500.00   3.9541331e+38   3.0429020e+13
      4000.00      3000.00   3.7663423e+38   2.2911171e+10
      4000.00      3500.00   3.5629223e+38       17132558.
      4000.00      4000.00   3.3675651e+38       12801.518
      4000.00      5000.00   2.9819848e+38    0.0070819377
      4000.00      5500.00   2.7921200e+38   5.2411034e-06
      4000.00      6000.00   2.6146406e+38   3.8793004e-09
      4000.00      7000.00   2.3092123e+38   2.1388001e-15
      4000.00      8000.00   2.0637636e+38   1.1894448e-21
      4000.00      10000.0   1.6557921e+38   3.5529540e-34
      4500.00      0.00000   2.2535485e+39   1.8350332e+29
      4500.00      50.0000   1.8473690e+39   1.2466297e+29
      4500.00      100.000   1.1712589e+39   5.1522235e+28
      4500.00      150.000   7.7862224e+38   1.9848584e+28
      4500.00      200.000   5.9554083e+38   8.1699079e+27
      4500.00      300.000   4.6755102e+38   1.6568072e+27
      4500.00      400.000   4.4374071e+38   3.8400787e+26
      4500.00      600.000   4.4145634e+38   2.2068706e+25
      4500.00      800.000   4.4010709e+38   1.2642113e+24
      4500.00      1000.00   4.3572503e+38   7.1858446e+22
      4500.00      1500.00   4.2147604e+38   5.4948702e+19
      4500.00      2000.00   4.0422901e+38   4.1657993e+16
      4500.00      2500.00   3.8414405e+38   3.1296800e+13
      4500.00      3000.00   3.6566235e+38   2.3550407e+10
      4500.00      3500.00   3.4615252e+38       17623726.
      4500.00      4000.00   3.2738250e+38       13177.023
      4500.00      5000.00   2.8929171e+38    0.0072744397
      4500.00      5500.00   2.7248967e+38   5.4150997e-06
      4500.00      6000.00   2.5451792e+38   3.9970084e-09
      4500.00      7000.00   2.2614134e+38   2.2157457e-15
      4500.00      8000.00   2.0129329e+38   1.2257082e-21
      4500.00      10000.0   1.6175259e+38   3.6309268e-34
      5000.00      0.00000   1.9295862e+39   1.4009385e+29
      5000.00      50.0000   1.6189405e+39   9.8443986e+28
      5000.00      100.000   1.0803223e+39   4.3187192e+28
      5000.00      150.000   7.3189962e+38   1.6978889e+28
      5000.00      200.000   5.6990541e+38   7.1131527e+27
      5000.00      300.000   4.5321809e+38   1.4592523e+27
      5000.00      400.000   4.3049569e+38   3.3847350e+26
      5000.00      600.000   4.2751058e+38   1.9412651e+25
      5000.00      800.000   4.2621139e+38   1.1115552e+24
      5000.00      1000.00   4.2210061e+38   6.3241078e+22
      5000.00      1500.00   4.0799385e+38   4.8319457e+19
      5000.00      2000.00   3.9082775e+38   3.6584817e+16
      5000.00      2500.00   3.7202707e+38   2.7532091e+13
      5000.00      3000.00   3.5313361e+38   2.0653472e+10
      5000.00      3500.00   3.3358213e+38       15428065.
      5000.00      4000.00   3.1576276e+38       11544.919
      5000.00      5000.00   2.8108957e+38    0.0064171357
      5000.00      5500.00   2.6340061e+38   4.7545902e-06
      5000.00      6000.00   2.4826613e+38   3.5400872e-09
      5000.00      7000.00   2.1937505e+38   1.9502746e-15
      5000.00      8000.00   1.9544698e+38   1.0776041e-21
      5000.00      10000.0   1.5819331e+38   3.1755853e-34
      6000.00      0.00000   1.4404260e+39   8.3506569e+28
      6000.00      50.0000   1.2537166e+39   6.1808174e+28
      6000.00      100.000   9.1535245e+38   3.0187844e+28
      6000.00      150.000   6.5804556e+38   1.2651025e+28
      6000.00      200.000   5.1398230e+38   5.3122178e+27
      6000.00      300.000   4.1778242e+38   1.1122652e+27
      6000.00      400.000   3.9727900e+38   2.5785716e+26
      6000.00      600.000   3.9466250e+38   1.4782303e+25
      6000.00      800.000   3.9253438e+38   8.4480549e+23
      6000.00      1000.00   3.8742503e+38   4.7890618e+22
      6000.00      1500.00   3.7579796e+38   3.6720907e+19
      6000.00      2000.00   3.5996060e+38   2.7801703e+16
      6000.00      2500.00   3.4051531e+38   2.0790765e+13
      6000.00      3000.00   3.2429315e+38   1.5651322e+10
      6000.00      3500.00   3.0641099e+38       11685086.
      6000.00      4000.00   2.8984745e+38       8740.9375
      6000.00      5000.00   2.5937012e+38    0.0048832227
      6000.00      5500.00   2.4520180e+38   3.6473803e-06
      6000.00      6000.00   2.3045267e+38   2.7066728e-09
      6000.00      7000.00   2.0387123e+38   1.4885897e-15
      6000.00      8000.00   1.8381819e+38   8.2695828e-22
      6000.00      10000.0   1.5154769e+38   2.3965604e-34
      8000.00      0.00000   8.5324566e+38   3.1974963e+28
      8000.00      50.0000   7.8061504e+38   2.5394513e+28
      8000.00      100.000   6.4052481e+38   1.4302278e+28
      8000.00      150.000   5.1721977e+38   6.8021985e+27
      8000.00      200.000   4.3448094e+38   3.0781676e+27
      8000.00      300.000   3.6403215e+38   6.6271729e+26
      8000.00      400.000   3.4626494e+38   1.5329271e+26
      8000.00      600.000   3.4006053e+38   8.6703547e+24
      8000.00      800.000   3.3392540e+38   4.8866224e+23
      8000.00      1000.00   3.2669025e+38   2.7447142e+22
      8000.00      1500.00   3.0466863e+38   2.0235425e+19
      8000.00      2000.00   2.8277307e+38   1.4840793e+16
      8000.00      2500.00   2.6629512e+38   1.1040652e+13
      8000.00      3000.00   2.5343343e+38   8.3014604e+09
      8000.00      3500.00   2.3938738e+38       6190414.5
      8000.00      4000.00   2.2719448e+38       4638.4661
      8000.00      5000.00   2.0913415e+38    0.0026544810
      8000.00      5500.00   1.9862495e+38   1.9838337e-06
      8000.00      6000.00   1.8961661e+38   1.4872289e-09
      8000.00      7000.00   1.7233756e+38   8.2501424e-16
      8000.00      8000.00   1.5667797e+38   4.4740023e-22
      8000.00      10000.0   1.3354071e+38   1.1850896e-34
      10000.0      0.00000   5.0427355e+38   1.2169361e+28
      10000.0      50.0000   4.8960335e+38   1.0362468e+28
      10000.0      100.000   4.2125350e+38   6.2208064e+27
      10000.0      150.000   3.6183631e+38   3.1780718e+27
      10000.0      200.000   3.2043357e+38   1.5231959e+27
      10000.0      300.000   2.7938596e+38   3.4195793e+26
      10000.0      400.000   2.6380011e+38   7.8434665e+25
      10000.0      600.000   2.5008373e+38   4.2642998e+24
      10000.0      800.000   2.4076583e+38   2.3506456e+23
      10000.0      1000.00   2.3431243e+38   1.3121931e+22
      10000.0      1500.00   2.1663754e+38   9.5661013e+18
      10000.0      2000.00   2.0061873e+38   6.9785939e+15
      10000.0      2500.00   1.8745134e+38   5.1372555e+12
      10000.0      3000.00   1.7987675e+38   3.8773902e+09
      10000.0      3500.00   1.7345353e+38       2934651.7
      10000.0      4000.00   1.6701998e+38       2213.4317
      10000.0      5000.00   1.5607346e+38    0.0012568529
      10000.0      5500.00   1.5121588e+38   9.4348655e-07
      10000.0      6000.00   1.4593943e+38   7.0156813e-10
      10000.0      7000.00   1.3677124e+38   3.8110292e-16
      10000.0      8000.00   1.2722297e+38   1.9688040e-22
      10000.0      10000.0   1.1145274e+38   4.3718607e-35
      12000.0      0.00000   2.7134076e+38   3.7544992e+27
      12000.0      50.0000   2.6528298e+38   3.2342348e+27
      12000.0      100.000   2.4405559e+38   2.0940881e+27
      12000.0      150.000   2.1988643e+38   1.1311364e+27
      12000.0      200.000   2.0002401e+38   5.5998791e+26
      12000.0      300.000   1.7572348e+38   1.2741784e+26
      12000.0      400.000   1.6412547e+38   2.8942980e+25
      12000.0      600.000   1.5312370e+38   1.5471202e+24
      12000.0      800.000   1.4666533e+38   8.4555703e+22
      12000.0      1000.00   1.4259288e+38   4.6941290e+21
      12000.0      1500.00   1.3109634e+38   3.3703182e+18
      12000.0      2000.00   1.2524017e+38   2.5122053e+15
      12000.0      2500.00   1.1948518e+38   1.8647044e+12
      12000.0      3000.00   1.1680391e+38   1.4131867e+09
      12000.0      3500.00   1.1430931e+38       1066659.0
      12000.0      4000.00   1.1266678e+38       806.09517
      12000.0      5000.00   1.1065920e+38   0.00045575954
      12000.0      5500.00   1.0900127e+38   3.3636138e-07
      12000.0      6000.00   1.0721998e+38   2.4519062e-10
      12000.0      7000.00   1.0260933e+38   1.2425688e-16
      12000.0      8000.00   9.8501954e+37   5.9374109e-23
      12000.0      10000.0   8.8834813e+37   1.0411093e-35
      15000.0      0.00000   5.8364118e+37   1.6151931e+26
      15000.0      50.0000   5.7120102e+37   1.3968975e+26
      15000.0      100.000   5.4740137e+37   9.4730573e+25
      15000.0      150.000   5.1953434e+37   5.4255310e+25
      15000.0      200.000   4.9439438e+37   2.8274541e+25
      15000.0      300.000   4.5948229e+37   6.8744155e+24
      15000.0      400.000   4.4096773e+37   1.6207713e+24
      15000.0      600.000   4.2108772e+37   9.0071036e+22
      15000.0      800.000   4.0914098e+37   5.0687455e+21
      15000.0      1000.00   4.1898325e+37   3.0097956e+20
      15000.0      1500.00   4.5112353e+37   2.6534268e+17
      15000.0      2000.00   4.9436724e+37   2.4452008e+14
      15000.0      2500.00   4.9959490e+37   2.1661032e+11
      15000.0      3000.00   5.1451757e+37   2.0693531e+08
      15000.0      3500.00   5.3394214e+37       212554.47
      15000.0      4000.00   5.4770077e+37       229.48448
      15000.0      5000.00   5.8786601e+37   0.00031113957
      15000.0      5500.00   6.0737259e+37   3.7340438e-07
      15000.0      6000.00   6.0822609e+37   4.3561292e-10
      15000.0      7000.00   6.1421852e+37   5.8343163e-16
      15000.0      8000.00   6.1906423e+37   7.3273559e-22
      15000.0      10000.0   5.8722889e+37   8.1809575e-34
      18000.0      0.00000   7.6017298e+36   8.3087359e+23
      18000.0      50.0000   7.7091977e+36   7.4490178e+23
      18000.0      100.000   7.8787599e+36   5.3890043e+23
      18000.0      150.000   8.2239476e+36   3.4032666e+23
      18000.0      200.000   8.7508682e+36   1.9877542e+23
      18000.0      300.000   9.8376833e+36   5.8980860e+22
      18000.0      400.000   1.0235257e+37   1.5267803e+22
      18000.0      600.000   9.7924180e+36   8.8949599e+20
      18000.0      800.000   8.7574933e+36   5.0323731e+19
      18000.0      1000.00   9.2946482e+36   3.6265191e+18
      18000.0      1500.00   1.2554321e+37   9.2335987e+15
      18000.0      2000.00   1.6145939e+37   3.7719273e+13
      18000.0      2500.00   1.8859957e+37   1.6692081e+11
      18000.0      3000.00   2.1060657e+37   7.2374745e+08
      18000.0      3500.00   2.4270147e+37       3206661.1
      18000.0      4000.00   2.5757736e+37       12858.873
      18000.0      5000.00   2.9292238e+37      0.19672510
      18000.0      5500.00   3.0806382e+37   0.00073588157
      18000.0      6000.00   3.2376860e+37   2.6906014e-06
      18000.0      7000.00   3.5442559e+37   3.3271893e-11
      18000.0      8000.00   3.7674701e+37   3.6212587e-16
      18000.0      10000.0   3.8092025e+37   2.7650347e-26
      24000.0      0.00000   2.5559350e+36   9.1796452e+17
      24000.0      50.0000   2.6977735e+36   8.5514335e+17
      24000.0      100.000   2.8290016e+36   6.3457418e+17
      24000.0      150.000   3.0865118e+36   4.1832217e+17
      24000.0      200.000   3.5456017e+36   2.6371403e+17
      24000.0      300.000   4.5798358e+36   9.0204584e+16
      24000.0      400.000   4.8544621e+36   2.4133499e+16
      24000.0      600.000   4.8158846e+36   1.6298438e+15
      24000.0      800.000   4.4323050e+36   1.3406328e+14
      24000.0      1000.00   4.9153296e+36   1.9507267e+13
      24000.0      1500.00   5.1529463e+36   3.0077379e+11
      24000.0      2000.00   3.5667262e+36   3.7041730e+09
      24000.0      2500.00   3.8994279e+36       70723603.
      24000.0      3000.00   1.6874807e+36       520325.38
      24000.0      3500.00   2.5703426e+36       13092.064
      24000.0      4000.00   5.0501918e+36       413.15638
      24000.0      5000.00   1.0107249e+37      0.19551642
      24000.0      5500.00   1.2023663e+37    0.0034213774
      24000.0      6000.00   1.3053562e+37   5.3024860e-05
      24000.0      7000.00   1.3944298e+37   1.0536160e-08
      24000.0      8000.00   1.4676822e+37   1.8184116e-12
      24000.0      10000.0   1.6565482e+37   3.7200629e-20
