face-on central tau B
      3.78000
sfr
      1.00000
old
     0.350000
bd
     0.450000
      tau1
      3.17000
   hd [pc]
      5200.00
   zd [pc]
      140.000
 hdin [pc]
      4500.00
 zdin [pc]
      140.000
   hdsolar [pc]
      8000.00
   zdsolar [pc]
      140.000
      tau2
     0.610000
  hd1 [pc]
      3200.00
  zd1 [pc]
      50.0000
hd1in [pc]
      4500.00
zd1in [pc]
      67.0000
  hd1solar [pc]
      8000.00
  zd1solar [pc]
      90.0000
   hs [pc]
      3200.00
   zs [pc]
      140.000
 hsin [pc]
      4500.00
 zsin [pc]
      170.000
   hssolar [pc]
      8000.00
   zssolar [pc]
      300.000
 rtruncate [pc]
      14000.0
  hs1 [pc]
      3200.00
  zs1 [pc]
      50.0000
hs1in [pc]
      4500.00
zs1in [pc]
      67.0000
  hs1solar [pc]
      8000.00
  zs1solar [pc]
      90.0000
rtruncate1 [pc]
      14000.0
   ifinns2
           3
   ifinns1
           3
   ifinnd1
           3
   ifinnd2
           3
    idisk1
           3
    idisk2
           3
nposition in r
          23
nposition in z
          22
          
    r(pc)      z(pc)   urad(erg/pc3/A)        eabs(erg/s/pc3/A)
      0.00000      0.00000   1.6321422e+39   3.4114403e+28
      0.00000      50.0000   1.3555341e+39   2.1872438e+28
      0.00000      100.000   1.0164931e+39   1.0446168e+28
      0.00000      150.000   8.1199760e+38   4.8974815e+27
      0.00000      200.000   7.0295350e+38   2.3016812e+27
      0.00000      300.000   6.1676104e+38   5.2555829e+26
      0.00000      400.000   5.9074512e+38   1.2318327e+26
      0.00000      600.000   5.7573133e+38   6.9401382e+24
      0.00000      800.000   5.7225953e+38   3.9621773e+23
      0.00000      1000.00   5.6853675e+38   2.2608272e+22
      0.00000      1500.00   5.5625543e+38   1.7484443e+19
      0.00000      2000.00   5.4338224e+38   1.3500503e+16
      0.00000      2500.00   5.2353919e+38   1.0284927e+13
      0.00000      3000.00   4.9804437e+38   7.7326103e+09
      0.00000      3500.00   4.6960915e+38       5764695.1
      0.00000      4000.00   4.3538736e+38       4224.7673
      0.00000      5000.00   3.7277303e+38    0.0022599825
      0.00000      5500.00   3.4567736e+38   1.6569960e-06
      0.00000      6000.00   3.1954527e+38   1.2103064e-09
      0.00000      7000.00   2.7213401e+38   6.4414356e-16
      0.00000      8000.00   2.3073532e+38   3.4090100e-22
      0.00000      10000.0   1.7088729e+38   9.6565798e-35
      50.0000      0.00000   1.6362062e+39   3.4577186e+28
      50.0000      50.0000   1.3586021e+39   2.2170733e+28
      50.0000      100.000   1.0153045e+39   1.0551222e+28
      50.0000      150.000   8.1080893e+38   4.9442579e+27
      50.0000      200.000   7.0243619e+38   2.3267561e+27
      50.0000      300.000   6.1681882e+38   5.3176194e+26
      50.0000      400.000   5.8963348e+38   1.2435846e+26
      50.0000      600.000   5.7673206e+38   7.0279403e+24
      50.0000      800.000   5.7207161e+38   4.0051951e+23
      50.0000      1000.00   5.6827976e+38   2.2852116e+22
      50.0000      1500.00   5.5545391e+38   1.7655039e+19
      50.0000      2000.00   5.4309470e+38   1.3643694e+16
      50.0000      2500.00   5.2298668e+38   1.0385937e+13
      50.0000      3000.00   4.9756890e+38   7.8113876e+09
      50.0000      3500.00   4.6925255e+38       5826027.6
      50.0000      4000.00   4.3503076e+38       4268.2366
      50.0000      5000.00   3.7262361e+38    0.0022843999
      50.0000      5500.00   3.4556647e+38   1.6748592e-06
      50.0000      6000.00   3.1936531e+38   1.2236267e-09
      50.0000      7000.00   2.7219179e+38   6.5134993e-16
      50.0000      8000.00   2.3082364e+38   3.4485279e-22
      50.0000      10000.0   1.7124417e+38   9.7851881e-35
      100.000      0.00000   1.6431457e+39   3.5104384e+28
      100.000      50.0000   1.3653489e+39   2.2526537e+28
      100.000      100.000   1.0176818e+39   1.0692129e+28
      100.000      150.000   8.1017608e+38   4.9934117e+27
      100.000      200.000   7.0126678e+38   2.3484577e+27
      100.000      300.000   6.1681882e+38   5.3755918e+26
      100.000      400.000   5.9020857e+38   1.2587291e+26
      100.000      600.000   5.7663246e+38   7.1040482e+24
      100.000      800.000   5.7259687e+38   4.0529677e+23
      100.000      1000.00   5.6821070e+38   2.3095959e+22
      100.000      1500.00   5.5529651e+38   1.7846355e+19
      100.000      2000.00   5.4261923e+38   1.3781134e+16
      100.000      2500.00   5.2272172e+38   1.0497485e+13
      100.000      3000.00   4.9702438e+38   7.8899724e+09
      100.000      3500.00   4.6890725e+38       5881994.4
      100.000      4000.00   4.3450549e+38       4309.8266
      100.000      5000.00   3.7247421e+38    0.0023083193
      100.000      5500.00   3.4548613e+38   1.6927222e-06
      100.000      6000.00   3.1923515e+38   1.2364105e-09
      100.000      7000.00   2.7218050e+38   6.5857554e-16
      100.000      8000.00   2.3097140e+38   3.4887367e-22
      100.000      10000.0   1.7165276e+38   9.9139889e-35
      150.000      0.00000   1.6512738e+39   3.5643469e+28
      150.000      50.0000   1.3719829e+39   2.2879286e+28
      150.000      100.000   1.0212286e+39   1.0850096e+28
      150.000      150.000   8.1077041e+38   5.0515768e+27
      150.000      200.000   7.0128604e+38   2.3742231e+27
      150.000      300.000   6.1624375e+38   5.4299983e+26
      150.000      400.000   5.9022782e+38   1.2722255e+26
      150.000      600.000   5.7603812e+38   7.1740203e+24
      150.000      800.000   5.7135840e+38   4.0880500e+23
      150.000      1000.00   5.6754730e+38   2.3322935e+22
      150.000      1500.00   5.5518894e+38   1.8035745e+19
      150.000      2000.00   5.4238150e+38   1.3929306e+16
      150.000      2500.00   5.2216921e+38   1.0598303e+13
      150.000      3000.00   4.9690550e+38   7.9745005e+09
      150.000      3500.00   4.6868079e+38       5942941.6
      150.000      4000.00   4.3398021e+38       4351.4165
      150.000      5000.00   3.7208706e+38    0.0023310500
      150.000      5500.00   3.4537523e+38   1.7106240e-06
      150.000      6000.00   3.1966413e+38   1.2515112e-09
      150.000      7000.00   2.7225754e+38   6.6580117e-16
      150.000      8000.00   2.3112686e+38   3.5289454e-22
      150.000      10000.0   1.7200000e+38   1.0042212e-34
      200.000      0.00000   1.6607831e+39   3.6225120e+28
      200.000      50.0000   1.3796130e+39   2.3260789e+28
      200.000      100.000   1.0235866e+39   1.0991196e+28
      200.000      150.000   8.1078967e+38   5.1076700e+27
      200.000      200.000   7.0184186e+38   2.4011774e+27
      200.000      300.000   6.1384715e+38   5.4640846e+26
      200.000      400.000   5.8838704e+38   1.2810057e+26
      200.000      600.000   5.7491852e+38   7.2382417e+24
      200.000      800.000   5.7140820e+38   4.1322565e+23
      200.000      1000.00   5.6817218e+38   2.3595532e+22
      200.000      1500.00   5.5491269e+38   1.8218229e+19
      200.000      2000.00   5.4214377e+38   1.4072305e+16
      200.000      2500.00   5.2156690e+38   1.0698735e+13
      200.000      3000.00   4.9664852e+38   8.0534704e+09
      200.000      3500.00   4.6804794e+38       5998138.1
      200.000      4000.00   4.3338588e+38       4392.0104
      200.000      5000.00   3.7146218e+38    0.0023523994
      200.000      5500.00   3.4526434e+38   1.7285257e-06
      200.000      6000.00   3.1932679e+38   1.2635658e-09
      200.000      7000.00   2.7231532e+38   6.7306530e-16
      200.000      8000.00   2.3134754e+38   3.5703428e-22
      200.000      10000.0   1.7240090e+38   1.0175993e-34
      300.000      0.00000   1.6806053e+39   3.7410269e+28
      300.000      50.0000   1.3965598e+39   2.4050623e+28
      300.000      100.000   1.0335170e+39   1.1336461e+28
      300.000      150.000   8.1368430e+38   5.2341205e+27
      300.000      200.000   7.0186112e+38   2.4527085e+27
      300.000      300.000   6.1099103e+38   5.5576375e+26
      300.000      400.000   5.8840629e+38   1.3084387e+26
      300.000      600.000   5.7465024e+38   7.3848995e+24
      300.000      800.000   5.7159613e+38   4.2213602e+23
      300.000      1000.00   5.6830233e+38   2.4105065e+22
      300.000      1500.00   5.5493526e+38   1.8608895e+19
      300.000      2000.00   5.4154943e+38   1.4353321e+16
      300.000      2500.00   5.2116713e+38   1.0921062e+13
      300.000      3000.00   4.9625340e+38   8.2217562e+09
      300.000      3500.00   4.6633731e+38       6107760.8
      300.000      4000.00   4.3364619e+38       4487.8008
      300.000      5000.00   3.7082601e+38    0.0023985516
      300.000      5500.00   3.4493497e+38   1.7635806e-06
      300.000      6000.00   3.1875171e+38   1.2881731e-09
      300.000      7000.00   2.7240033e+38   6.8757431e-16
      300.000      8000.00   2.3289665e+38   3.6706953e-22
      300.000      10000.0   1.7306703e+38   1.0427293e-34
      400.000      0.00000   1.6987408e+39   3.8571646e+28
      400.000      50.0000   1.4130086e+39   2.4844310e+28
      400.000      100.000   1.0428723e+39   1.1681726e+28
      400.000      150.000   8.1663673e+38   5.3634464e+27
      400.000      200.000   7.0063393e+38   2.4982963e+27
      400.000      300.000   6.1212192e+38   5.6817106e+26
      400.000      400.000   5.8905841e+38   1.3382684e+26
      400.000      600.000   5.7534418e+38   7.5484244e+24
      400.000      800.000   5.7150781e+38   4.3085844e+23
      400.000      1000.00   5.6787666e+38   2.4587770e+22
      400.000      1500.00   5.5563251e+38   1.9018355e+19
      400.000      2000.00   5.4119283e+38   1.4645069e+16
      400.000      2500.00   5.2053758e+38   1.1133813e+13
      400.000      3000.00   4.9552093e+38   8.3791182e+09
      400.000      3500.00   4.6474224e+38       6213173.4
      400.000      4000.00   4.3310963e+38       4575.6226
      400.000      5000.00   3.7023966e+38    0.0024447036
      400.000      5500.00   3.4414141e+38   1.7959694e-06
      400.000      6000.00   3.1864413e+38   1.3148689e-09
      400.000      7000.00   2.7241627e+38   7.0204481e-16
      400.000      8000.00   2.3319216e+38   3.7521088e-22
      400.000      10000.0   1.7400969e+38   1.0702201e-34
      600.000      0.00000   1.7313329e+39   4.0840741e+28
      600.000      50.0000   1.4464042e+39   2.6485337e+28
      600.000      100.000   1.0616214e+39   1.2384913e+28
      600.000      150.000   8.2133364e+38   5.6170379e+27
      600.000      200.000   7.0003959e+38   2.5984832e+27
      600.000      300.000   6.1561089e+38   5.9458075e+26
      600.000      400.000   5.9195305e+38   1.3991162e+26
      600.000      600.000   5.7744527e+38   7.8871684e+24
      600.000      800.000   5.7330210e+38   4.4989839e+23
      600.000      1000.00   5.6904938e+38   2.5647478e+22
      600.000      1500.00   5.5533234e+38   1.9783949e+19
      600.000      2000.00   5.4074790e+38   1.5228950e+16
      600.000      2500.00   5.1897968e+38   1.1553179e+13
      600.000      3000.00   4.9422799e+38   8.6974745e+09
      600.000      3500.00   4.6228786e+38       6429749.4
      600.000      4000.00   4.3222445e+38       4752.8399
      600.000      5000.00   3.6979141e+38    0.0025413772
      600.000      5500.00   3.4210939e+38   1.8583695e-06
      600.000      6000.00   3.1709224e+38   1.3613842e-09
      600.000      7000.00   2.7260555e+38   7.3117840e-16
      600.000      8000.00   2.3496800e+38   3.9348377e-22
      600.000      10000.0   1.7500242e+38   1.1197895e-34
      800.000      0.00000   1.7642306e+39   4.3174252e+28
      800.000      50.0000   1.4793017e+39   2.8162023e+28
      800.000      100.000   1.0774758e+39   1.3076021e+28
      800.000      150.000   8.2775575e+38   5.8835122e+27
      800.000      200.000   6.9775854e+38   2.6932247e+27
      800.000      300.000   6.1913838e+38   6.2149647e+26
      800.000      400.000   5.9490547e+38   1.4616509e+26
      800.000      600.000   5.8030936e+38   8.2374140e+24
      800.000      800.000   5.7590921e+38   4.6965154e+23
      800.000      1000.00   5.7150241e+38   2.6767747e+22
      800.000      1500.00   5.5614381e+38   2.0590184e+19
      800.000      2000.00   5.4069343e+38   1.5825077e+16
      800.000      2500.00   5.1827310e+38   1.1990376e+13
      800.000      3000.00   4.9202129e+38   8.9985517e+09
      800.000      3500.00   4.6101418e+38       6667402.5
      800.000      4000.00   4.3135385e+38       4929.5127
      800.000      5000.00   3.6903638e+38    0.0026354809
      800.000      5500.00   3.4234246e+38   1.9324970e-06
      800.000      6000.00   3.1738443e+38   1.4160468e-09
      800.000      7000.00   2.7486537e+38   7.6627459e-16
      800.000      8000.00   2.3535650e+38   4.0948028e-22
      800.000      10000.0   1.7621998e+38   1.1715548e-34
      1000.00      0.00000   1.7995055e+39   4.5587118e+28
      1000.00      50.0000   1.5107052e+39   2.9866336e+28
      1000.00      100.000   1.0927552e+39   1.3779594e+28
      1000.00      150.000   8.3128324e+38   6.1352244e+27
      1000.00      200.000   7.0418069e+38   2.8208639e+27
      1000.00      300.000   6.2264662e+38   6.4894874e+26
      1000.00      400.000   5.9833667e+38   1.5248761e+26
      1000.00      600.000   5.8398627e+38   8.5999313e+24
      1000.00      800.000   5.7983513e+38   4.9067370e+23
      1000.00      1000.00   5.7495618e+38   2.7942469e+22
      1000.00      1500.00   5.5834315e+38   2.1452000e+19
      1000.00      2000.00   5.4031623e+38   1.6412371e+16
      1000.00      2500.00   5.1730953e+38   1.2420473e+13
      1000.00      3000.00   4.9039297e+38   9.3082413e+09
      1000.00      3500.00   4.5938059e+38       6890499.6
      1000.00      4000.00   4.2952105e+38       5093.9932
      1000.00      5000.00   3.6783643e+38    0.0027262111
      1000.00      5500.00   3.4150708e+38   2.0005543e-06
      1000.00      6000.00   3.1597398e+38   1.4633656e-09
      1000.00      7000.00   2.7350140e+38   7.9120932e-16
      1000.00      8000.00   2.3385110e+38   4.2225277e-22
      1000.00      10000.0   1.7549853e+38   1.2104127e-34
      1500.00      0.00000   1.8743120e+39   5.1463061e+28
      1500.00      50.0000   1.5893831e+39   3.4332411e+28
      1500.00      100.000   1.1250392e+39   1.5518769e+28
      1500.00      150.000   8.3484926e+38   6.7325869e+27
      1500.00      200.000   7.1827140e+38   3.1415521e+27
      1500.00      300.000   6.3315206e+38   7.1974625e+26
      1500.00      400.000   6.1121944e+38   1.6997897e+26
      1500.00      600.000   5.9994364e+38   9.6441468e+24
      1500.00      800.000   5.9552753e+38   5.4993645e+23
      1500.00      1000.00   5.8802419e+38   3.1179431e+22
      1500.00      1500.00   5.6557735e+38   2.3703494e+19
      1500.00      2000.00   5.4284888e+38   1.7985194e+16
      1500.00      2500.00   5.1681076e+38   1.3537665e+13
      1500.00      3000.00   4.8497882e+38   1.0041480e+10
      1500.00      3500.00   4.5501967e+38       7448215.4
      1500.00      4000.00   4.2386057e+38       5483.6159
      1500.00      5000.00   3.6280218e+38    0.0029331514
      1500.00      5500.00   3.3674713e+38   2.1519264e-06
      1500.00      6000.00   3.1164630e+38   1.5741962e-09
      1500.00      7000.00   2.7068515e+38   8.5416800e-16
      1500.00      8000.00   2.3517727e+38   4.6309508e-22
      1500.00      10000.0   1.7482855e+38   1.3125844e-34
      2000.00      0.00000   1.9436730e+39   5.7389606e+28
      2000.00      50.0000   1.6582463e+39   3.8857920e+28
      2000.00      100.000   1.1573232e+39   1.7348057e+28
      2000.00      150.000   8.5595644e+38   7.4934744e+27
      2000.00      200.000   7.3169072e+38   3.4681836e+27
      2000.00      300.000   6.3959345e+38   7.8764912e+26
      2000.00      400.000   6.1698946e+38   1.8585600e+26
      2000.00      600.000   6.0615392e+38   1.0547262e+25
      2000.00      800.000   6.0085459e+38   6.0087385e+23
      2000.00      1000.00   5.9298533e+38   3.4054345e+22
      2000.00      1500.00   5.6759135e+38   2.5773497e+19
      2000.00      2000.00   5.4216082e+38   1.9462126e+16
      2000.00      2500.00   5.1180964e+38   1.4521572e+13
      2000.00      3000.00   4.8083835e+38   1.0786028e+10
      2000.00      3500.00   4.4932596e+38       7967355.2
      2000.00      4000.00   4.1719801e+38       5847.0276
      2000.00      5000.00   3.5911731e+38    0.0031454572
      2000.00      5500.00   3.3212063e+38   2.2993472e-06
      2000.00      6000.00   3.0743885e+38   1.6826190e-09
      2000.00      7000.00   2.6819827e+38   9.1699187e-16
      2000.00      8000.00   2.3346934e+38   4.9798138e-22
      2000.00      10000.0   1.7360136e+38   1.4086833e-34
      3000.00      0.00000   2.0489998e+39   6.8693649e+28
      3000.00      50.0000   1.7688257e+39   4.7934636e+28
      3000.00      100.000   1.1997686e+39   2.0925354e+28
      3000.00      150.000   8.9815153e+38   9.1105356e+27
      3000.00      200.000   7.5504042e+38   4.1372050e+27
      3000.00      300.000   6.4883319e+38   9.2261016e+26
      3000.00      400.000   6.2419582e+38   2.1690812e+26
      3000.00      600.000   6.1274399e+38   1.2312195e+25
      3000.00      800.000   6.0678715e+38   7.0020253e+23
      3000.00      1000.00   5.9737987e+38   3.9584691e+22
      3000.00      1500.00   5.6734003e+38   2.9726630e+19
      3000.00      2000.00   5.3513014e+38   2.2158727e+16
      3000.00      2500.00   5.0121307e+38   1.6408989e+13
      3000.00      3000.00   4.6739031e+38   1.2096358e+10
      3000.00      3500.00   4.3476961e+38       8896097.1
      3000.00      4000.00   4.0351764e+38       6523.8608
      3000.00      5000.00   3.4666817e+38    0.0035032115
      3000.00      5500.00   3.2089205e+38   2.5632039e-06
      3000.00      6000.00   2.9710478e+38   1.8758399e-09
      3000.00      7000.00   2.5730569e+38   1.0145464e-15
      3000.00      8000.00   2.2659567e+38   5.5708909e-22
      3000.00      10000.0   1.7280723e+38   1.6031452e-34
      4000.00      0.00000   2.1188590e+39   7.9205137e+28
      4000.00      50.0000   1.8443228e+39   5.6691210e+28
      4000.00      100.000   1.2538890e+39   2.5008000e+28
      4000.00      150.000   9.3894609e+38   1.0859094e+28
      4000.00      200.000   7.7570464e+38   4.8343557e+27
      4000.00      300.000   6.5329359e+38   1.0532487e+27
      4000.00      400.000   6.2385763e+38   2.4580864e+26
      4000.00      600.000   6.0945916e+38   1.3870936e+25
      4000.00      800.000   5.9968055e+38   7.8429649e+23
      4000.00      1000.00   5.8670455e+38   4.4065330e+22
      4000.00      1500.00   5.5142266e+38   3.2742493e+19
      4000.00      2000.00   5.1556323e+38   2.4200358e+16
      4000.00      2500.00   4.7973642e+38   1.7798407e+13
      4000.00      3000.00   4.4555584e+38   1.3068991e+10
      4000.00      3500.00   4.1313704e+38       9576758.9
      4000.00      4000.00   3.8430094e+38       7041.8759
      4000.00      5000.00   3.2987468e+38    0.0037780238
      4000.00      5500.00   3.0653171e+38   2.7743935e-06
      4000.00      6000.00   2.8587621e+38   2.0449599e-09
      4000.00      7000.00   2.4794782e+38   1.1071009e-15
      4000.00      8000.00   2.1832169e+38   6.0687611e-22
      4000.00      10000.0   1.7070440e+38   1.7662415e-34
      4500.00      0.00000   2.1292246e+39   8.3623052e+28
      4500.00      50.0000   1.8533072e+39   6.0303357e+28
      4500.00      100.000   1.2709849e+39   2.6966374e+28
      4500.00      150.000   9.4461481e+38   1.1611238e+28
      4500.00      200.000   7.7274452e+38   5.1111933e+27
      4500.00      300.000   6.4292912e+38   1.0981497e+27
      4500.00      400.000   6.1166894e+38   2.5523742e+26
      4500.00      600.000   5.9588921e+38   1.4363868e+25
      4500.00      800.000   5.8494389e+38   8.1028044e+23
      4500.00      1000.00   5.7049573e+38   4.5383185e+22
      4500.00      1500.00   5.3485601e+38   3.3627593e+19
      4500.00      2000.00   4.9871577e+38   2.4785911e+16
      4500.00      2500.00   4.6362216e+38   1.8213740e+13
      4500.00      3000.00   4.3198832e+38   1.3417511e+10
      4500.00      3500.00   4.0002181e+38       9821734.3
      4500.00      4000.00   3.7208683e+38       7221.9135
      4500.00      5000.00   3.2125051e+38    0.0038953821
      4500.00      5500.00   2.9841024e+38   2.8596846e-06
      4500.00      6000.00   2.7828136e+38   2.1077125e-09
      4500.00      7000.00   2.4272699e+38   1.1466933e-15
      4500.00      8000.00   2.1403232e+38   6.2839080e-22
      4500.00      10000.0   1.6851965e+38   1.8241732e-34
      5000.00      0.00000   1.8224364e+39   6.3812666e+28
      5000.00      50.0000   1.6258344e+39   4.7653191e+28
      5000.00      100.000   1.1415011e+39   2.2005845e+28
      5000.00      150.000   8.6743135e+38   9.7098931e+27
      5000.00      200.000   7.1923201e+38   4.3276970e+27
      5000.00      300.000   6.0443946e+38   9.3880161e+26
      5000.00      400.000   5.7731459e+38   2.1891222e+26
      5000.00      600.000   5.6448420e+38   1.2358586e+25
      5000.00      800.000   5.5558304e+38   6.9879120e+23
      5000.00      1000.00   5.4288083e+38   3.9219607e+22
      5000.00      1500.00   5.1044143e+38   2.9151214e+19
      5000.00      2000.00   4.7671852e+38   2.1518663e+16
      5000.00      2500.00   4.4368489e+38   1.5834883e+13
      5000.00      3000.00   4.1405192e+38   1.1681718e+10
      5000.00      3500.00   3.8372170e+38       8556428.5
      5000.00      4000.00   3.5704113e+38       6295.3248
      5000.00      5000.00   3.0935914e+38    0.0034068140
      5000.00      5500.00   2.8897988e+38   2.5149052e-06
      5000.00      6000.00   2.6890546e+38   1.8489195e-09
      5000.00      7000.00   2.3546948e+38   1.0094477e-15
      5000.00      8000.00   2.0835970e+38   5.5389478e-22
      5000.00      10000.0   1.6534160e+38   1.6007728e-34
      6000.00      0.00000   1.3577103e+39   3.7950202e+28
      6000.00      50.0000   1.2440232e+39   2.9588834e+28
      6000.00      100.000   9.5389646e+38   1.5176269e+28
      6000.00      150.000   7.1934061e+38   6.6643593e+27
      6000.00      200.000   6.0824272e+38   3.0311539e+27
      6000.00      300.000   5.1924662e+38   6.6628455e+26
      6000.00      400.000   4.9700143e+38   1.5558241e+26
      6000.00      600.000   4.8571188e+38   8.7747377e+24
      6000.00      800.000   4.7806598e+38   4.9613562e+23
      6000.00      1000.00   4.6885226e+38   2.7945877e+22
      6000.00      1500.00   4.4679707e+38   2.1052335e+19
      6000.00      2000.00   4.2062080e+38   1.5663715e+16
      6000.00      2500.00   3.9505272e+38   1.1627642e+13
      6000.00      3000.00   3.7171320e+38   8.6499930e+09
      6000.00      3500.00   3.4801436e+38       6400826.0
      6000.00      4000.00   3.2540522e+38       4730.8753
      6000.00      5000.00   2.8577232e+38    0.0025944909
      6000.00      5500.00   2.6800151e+38   1.9225670e-06
      6000.00      6000.00   2.5035289e+38   1.4181068e-09
      6000.00      7000.00   2.2004284e+38   7.7465345e-16
      6000.00      8000.00   1.9652382e+38   4.2621649e-22
      6000.00      10000.0   1.5725310e+38   1.1989166e-34
      8000.00      0.00000   8.0559772e+38   1.4553379e+28
      8000.00      50.0000   7.4182400e+38   1.1638469e+28
      8000.00      100.000   6.2995846e+38   6.7852907e+27
      8000.00      150.000   5.3077693e+38   3.3658062e+27
      8000.00      200.000   4.5891572e+38   1.5678480e+27
      8000.00      300.000   3.9713797e+38   3.4866669e+26
      8000.00      400.000   3.7955027e+38   8.1031543e+25
      8000.00      600.000   3.7141624e+38   4.5654177e+24
      8000.00      800.000   3.6256127e+38   2.5582722e+23
      8000.00      1000.00   3.5264335e+38   1.4287234e+22
      8000.00      1500.00   3.2680923e+38   1.0464494e+19
      8000.00      2000.00   3.0281929e+38   7.6645522e+15
      8000.00      2500.00   2.8602530e+38   5.7174407e+12
      8000.00      3000.00   2.7360747e+38   4.3217254e+09
      8000.00      3500.00   2.5903082e+38       3231044.9
      8000.00      4000.00   2.4637564e+38       2425.7792
      8000.00      5000.00   2.2389430e+38    0.0013701613
      8000.00      5500.00   2.1317821e+38   1.0266095e-06
      8000.00      6000.00   2.0263325e+38   7.6600418e-10
      8000.00      7000.00   1.8367582e+38   4.2383218e-16
      8000.00      8000.00   1.6771437e+38   2.3096127e-22
      8000.00      10000.0   1.3907627e+38   5.9549360e-35
      10000.0      0.00000   4.6117584e+38   5.3658816e+27
      10000.0      50.0000   4.4655836e+38   4.5575946e+27
      10000.0      100.000   3.9041012e+38   2.7794283e+27
      10000.0      150.000   3.4456751e+38   1.4592865e+27
      10000.0      200.000   3.1194422e+38   7.1521643e+26
      10000.0      300.000   2.7825256e+38   1.6424891e+26
      10000.0      400.000   2.6420400e+38   3.7874454e+25
      10000.0      600.000   2.4862652e+38   2.0442068e+24
      10000.0      800.000   2.3860145e+38   1.1233893e+23
      10000.0      1000.00   2.3243565e+38   6.2760461e+21
      10000.0      1500.00   2.1589192e+38   4.5963165e+18
      10000.0      2000.00   2.0093763e+38   3.3723263e+15
      10000.0      2500.00   1.9072632e+38   2.5210113e+12
      10000.0      3000.00   1.8504613e+38   1.9228804e+09
      10000.0      3500.00   1.7963229e+38       1465620.4
      10000.0      4000.00   1.7510059e+38       1119.0873
      10000.0      5000.00   1.6460925e+38   0.00063925405
      10000.0      5500.00   1.5881770e+38   4.7795906e-07
      10000.0      6000.00   1.5293783e+38   3.5442162e-10
      10000.0      7000.00   1.4311482e+38   1.9222619e-16
      10000.0      8000.00   1.3276878e+38   9.9111423e-23
      10000.0      10000.0   1.1816935e+38   2.2343875e-35
      12000.0      0.00000   2.3667265e+38   1.5789816e+27
      12000.0      50.0000   2.3133843e+38   1.3596117e+27
      12000.0      100.000   2.1434026e+38   8.8697672e+26
      12000.0      150.000   1.9505399e+38   4.8394514e+26
      12000.0      200.000   1.7896346e+38   2.4164311e+26
      12000.0      300.000   1.5930253e+38   5.5678553e+25
      12000.0      400.000   1.4991273e+38   1.2748316e+25
      12000.0      600.000   1.3992797e+38   6.8187860e+23
      12000.0      800.000   1.3500344e+38   3.7527144e+22
      12000.0      1000.00   1.3231436e+38   2.1006660e+21
      12000.0      1500.00   1.2335508e+38   1.5290409e+18
      12000.0      2000.00   1.1973877e+38   1.1582440e+15
      12000.0      2500.00   1.1712897e+38   8.8150272e+11
      12000.0      3000.00   1.1714161e+38   6.8332766e+08
      12000.0      3500.00   1.1538769e+38       519169.88
      12000.0      4000.00   1.1507095e+38       396.98348
      12000.0      5000.00   1.1487721e+38   0.00022815656
      12000.0      5500.00   1.1355888e+38   1.6894065e-07
      12000.0      6000.00   1.1165227e+38   1.2317290e-10
      12000.0      7000.00   1.0593946e+38   6.1825164e-17
      12000.0      8000.00   1.0049923e+38   2.9222814e-23
      12000.0      10000.0   9.2751961e+37   5.2417463e-36
      15000.0      0.00000   4.7942221e+37   6.4012628e+25
      15000.0      50.0000   4.7075759e+37   5.5494598e+25
      15000.0      100.000   4.5338268e+37   3.7820914e+25
      15000.0      150.000   4.3382738e+37   2.1845809e+25
      15000.0      200.000   4.1777767e+37   1.1519403e+25
      15000.0      300.000   3.9645580e+37   2.8611022e+24
      15000.0      400.000   3.8542393e+37   6.8318706e+23
      15000.0      600.000   3.6995752e+37   3.8157213e+22
      15000.0      800.000   3.6490655e+37   2.1800680e+21
      15000.0      1000.00   3.8162528e+37   1.3218991e+20
      15000.0      1500.00   4.1605137e+37   1.1803099e+17
      15000.0      2000.00   4.6184539e+37   1.1015807e+14
      15000.0      2500.00   4.7828067e+37   9.9998183e+10
      15000.0      3000.00   5.0604982e+37       98144575.
      15000.0      3500.00   5.4181700e+37       104000.53
      15000.0      4000.00   5.6983010e+37       115.09984
      15000.0      5000.00   6.1566516e+37   0.00015710442
      15000.0      5500.00   6.3208120e+37   1.8739420e-07
      15000.0      6000.00   6.3405141e+37   2.1889661e-10
      15000.0      7000.00   6.3449205e+37   2.9078426e-16
      15000.0      8000.00   6.3695182e+37   3.6343386e-22
      15000.0      10000.0   5.9183321e+37   3.9774237e-34
      18000.0      0.00000   7.4486424e+36   3.9276014e+23
      18000.0      50.0000   7.5582746e+36   3.5195548e+23
      18000.0      100.000   7.8673038e+36   2.5943672e+23
      18000.0      150.000   8.4157076e+36   1.6791555e+23
      18000.0      200.000   9.1497749e+36   1.0026877e+23
      18000.0      300.000   1.0342763e+37   2.9920666e+22
      18000.0      400.000   1.1262435e+37   8.1039361e+21
      18000.0      600.000   1.0415884e+37   4.5614676e+20
      18000.0      800.000   9.7516461e+36   2.7013298e+19
      18000.0      1000.00   1.0337719e+37   1.9454806e+18
      18000.0      1500.00   1.2746466e+37   4.5232318e+15
      18000.0      2000.00   1.5454893e+37   1.7412986e+13
      18000.0      2500.00   1.7239124e+37   7.3582826e+10
      18000.0      3000.00   2.0301222e+37   3.3644038e+08
      18000.0      3500.00   2.4576636e+37       1565696.6
      18000.0      4000.00   2.7113272e+37       6527.8854
      18000.0      5000.00   3.2683304e+37      0.10588137
      18000.0      5500.00   3.4392535e+37   0.00039612183
      18000.0      6000.00   3.5818970e+37   1.4354796e-06
      18000.0      7000.00   3.8282914e+37   1.7331340e-11
      18000.0      8000.00   3.9388029e+37   1.8255401e-16
      18000.0      10000.0   3.8596400e+37   1.3510532e-26
      24000.0      0.00000   2.6845441e+36   4.6486256e+17
      24000.0      50.0000   2.9428343e+36   4.4986953e+17
      24000.0      100.000   3.2033615e+36   3.4659075e+17
      24000.0      150.000   3.5104585e+36   2.2943035e+17
      24000.0      200.000   3.9663827e+36   1.4226160e+17
      24000.0      300.000   5.1452573e+36   4.8859994e+16
      24000.0      400.000   5.4476595e+36   1.3052420e+16
      24000.0      600.000   4.9068243e+36   8.0075791e+14
      24000.0      800.000   5.0285820e+36   7.3379142e+13
      24000.0      1000.00   6.0280471e+36   1.1531211e+13
      24000.0      1500.00   7.1193471e+36   2.0033152e+11
      24000.0      2000.00   4.9140331e+36   2.4605992e+09
      24000.0      2500.00   4.6246019e+36       40459014.
      24000.0      3000.00   1.2841064e+36       190922.40
      24000.0      3500.00   1.9909945e+36       4891.5601
      24000.0      4000.00   4.2134684e+36       166.20705
      24000.0      5000.00   9.8094386e+36     0.091508168
      24000.0      5500.00   1.2573023e+37    0.0017254125
      24000.0      6000.00   1.4394545e+37   2.8200954e-05
      24000.0      7000.00   1.7217202e+37   6.2717746e-09
      24000.0      8000.00   1.8172240e+37   1.0856666e-12
      24000.0      10000.0   1.8394813e+37   1.9924392e-20
