face-on central tau B
      3.78000
sfr
      1.00000
old
     0.350000
bd
     0.450000
      tau1
      3.17000
   hd [pc]
      5200.00
   zd [pc]
      140.000
 hdin [pc]
      4500.00
 zdin [pc]
      140.000
   hdsolar [pc]
      8000.00
   zdsolar [pc]
      140.000
      tau2
     0.610000
  hd1 [pc]
      3200.00
  zd1 [pc]
      50.0000
hd1in [pc]
      4500.00
zd1in [pc]
      67.0000
  hd1solar [pc]
      8000.00
  zd1solar [pc]
      90.0000
   hs [pc]
      3200.00
   zs [pc]
      140.000
 hsin [pc]
      4500.00
 zsin [pc]
      170.000
   hssolar [pc]
      8000.00
   zssolar [pc]
      300.000
 rtruncate [pc]
      14000.0
  hs1 [pc]
      3200.00
  zs1 [pc]
      50.0000
hs1in [pc]
      4500.00
zs1in [pc]
      67.0000
  hs1solar [pc]
      8000.00
  zs1solar [pc]
      90.0000
rtruncate1 [pc]
      14000.0
   ifinns2
           3
   ifinns1
           3
   ifinnd1
           3
   ifinnd2
           3
    idisk1
           3
    idisk2
           3
nposition in r
          23
nposition in z
          22
          
    r(pc)      z(pc)   urad(erg/pc3/A)        eabs(erg/s/pc3/A)
      0.00000      0.00000   2.3964024e+39   3.4660209e+28
      0.00000      50.0000   1.9944285e+39   2.2272624e+28
      0.00000      100.000   1.5472977e+39   1.1002240e+28
      0.00000      150.000   1.2881593e+39   5.3748626e+27
      0.00000      200.000   1.1529708e+39   2.6128377e+27
      0.00000      300.000   1.0357653e+39   6.1094734e+26
      0.00000      400.000   9.9895185e+38   1.4409980e+26
      0.00000      600.000   9.7860434e+38   8.1624310e+24
      0.00000      800.000   9.7365860e+38   4.6631613e+23
      0.00000      1000.00   9.6332785e+38   2.6505418e+22
      0.00000      1500.00   9.4282792e+38   2.0504644e+19
      0.00000      2000.00   9.1204071e+38   1.5680309e+16
      0.00000      2500.00   8.7014676e+38   1.1825374e+13
      0.00000      3000.00   8.2131042e+38   8.8214453e+09
      0.00000      3500.00   7.6521464e+38       6498950.8
      0.00000      4000.00   7.0777805e+38       4751.0971
      0.00000      5000.00   5.9909470e+38    0.0025131641
      0.00000      5500.00   5.4885322e+38   1.8201371e-06
      0.00000      6000.00   5.0662575e+38   1.3277756e-09
      0.00000      7000.00   4.2547874e+38   6.9674025e-16
      0.00000      8000.00   3.5818985e+38   3.6621609e-22
      0.00000      10000.0   2.6128749e+38   1.0214733e-34
      50.0000      0.00000   2.4006217e+39   3.5096959e+28
      50.0000      50.0000   1.9990229e+39   2.2569386e+28
      50.0000      100.000   1.5486386e+39   1.1135141e+28
      50.0000      150.000   1.2881396e+39   5.4353590e+27
      50.0000      200.000   1.1506239e+39   2.6365974e+27
      50.0000      300.000   1.0346017e+39   6.1705790e+26
      50.0000      400.000   9.9820270e+38   1.4566350e+26
      50.0000      600.000   9.7828933e+38   8.2462373e+24
      50.0000      800.000   9.7245558e+38   4.7096962e+23
      50.0000      1000.00   9.6382106e+38   2.6817371e+22
      50.0000      1500.00   9.4213782e+38   2.0726678e+19
      50.0000      2000.00   9.1138998e+38   1.5842399e+16
      50.0000      2500.00   8.6931883e+38   1.1945271e+13
      50.0000      3000.00   8.2131042e+38   8.9235920e+09
      50.0000      3500.00   7.6452455e+38       6568167.6
      50.0000      4000.00   7.0712733e+38       4798.7200
      50.0000      5000.00   5.9873183e+38    0.0025397463
      50.0000      5500.00   5.4860661e+38   1.8397582e-06
      50.0000      6000.00   5.0569278e+38   1.3405735e-09
      50.0000      7000.00   4.2561468e+38   7.0490431e-16
      50.0000      8000.00   3.5842050e+38   3.7045986e-22
      50.0000      10000.0   2.6195779e+38   1.0354348e-34
      100.000      0.00000   2.4109546e+39   3.5627193e+28
      100.000      50.0000   2.0076397e+39   2.2914061e+28
      100.000      100.000   1.5532330e+39   1.1293677e+28
      100.000      150.000   1.2899146e+39   5.5027377e+27
      100.000      200.000   1.1496582e+39   2.6635733e+27
      100.000      300.000   1.0337738e+39   6.2323976e+26
      100.000      400.000   9.9794573e+38   1.4718368e+26
      100.000      600.000   9.7730290e+38   8.3339811e+24
      100.000      800.000   9.7016771e+38   4.7518522e+23
      100.000      1000.00   9.6604886e+38   2.7173672e+22
      100.000      1500.00   9.4201969e+38   2.0946742e+19
      100.000      2000.00   9.0955594e+38   1.5986935e+16
      100.000      2500.00   8.6853030e+38   1.2065561e+13
      100.000      3000.00   8.2062032e+38   9.0127242e+09
      100.000      3500.00   7.6379508e+38       6631467.8
      100.000      4000.00   7.0531299e+38       4839.0854
      100.000      5000.00   5.9829208e+38    0.0025661316
      100.000      5500.00   5.4872660e+38   1.8598321e-06
      100.000      6000.00   5.0548368e+38   1.3544365e-09
      100.000      7000.00   4.2498739e+38   7.1133277e-16
      100.000      8000.00   3.5859395e+38   3.7476083e-22
      100.000      10000.0   2.6356275e+38   1.0533793e-34
      150.000      0.00000   2.4228251e+39   3.6184431e+28
      150.000      50.0000   2.0187414e+39   2.3291273e+28
      150.000      100.000   1.5574523e+39   1.1447674e+28
      150.000      150.000   1.2932272e+39   5.5766423e+27
      150.000      200.000   1.1492831e+39   2.6919273e+27
      150.000      300.000   1.0324330e+39   6.2919469e+26
      150.000      400.000   9.9914873e+38   1.4900176e+26
      150.000      600.000   9.7846653e+38   8.4319831e+24
      150.000      800.000   9.7101633e+38   4.8071261e+23
      150.000      1000.00   9.6656175e+38   2.7489375e+22
      150.000      1500.00   9.4205907e+38   2.1170743e+19
      150.000      2000.00   9.0821513e+38   1.6135420e+16
      150.000      2500.00   8.6713042e+38   1.2179737e+13
      150.000      3000.00   8.1996960e+38   9.1024470e+09
      150.000      3500.00   7.6622076e+38       6720009.3
      150.000      4000.00   7.0318363e+38       4876.3382
      150.000      5000.00   5.9793294e+38    0.0025919634
      150.000      5500.00   5.4959016e+38   1.8833969e-06
      150.000      6000.00   5.0498672e+38   1.3682011e-09
      150.000      7000.00   4.2449417e+38   7.1835289e-16
      150.000      8000.00   3.5890149e+38   3.7913869e-22
      150.000      10000.0   2.6417586e+38   1.0673802e-34
      200.000      0.00000   2.4346956e+39   3.6747388e+28
      200.000      50.0000   2.0306119e+39   2.3687612e+28
      200.000      100.000   1.5645315e+39   1.1618633e+28
      200.000      150.000   1.2978020e+39   5.6553382e+27
      200.000      200.000   1.1502892e+39   2.7223537e+27
      200.000      300.000   1.0336163e+39   6.3669767e+26
      200.000      400.000   1.0002533e+39   1.5070545e+26
      200.000      600.000   9.7966954e+38   8.5359016e+24
      200.000      800.000   9.7117383e+38   4.8597932e+23
      200.000      1000.00   9.6597010e+38   2.7763260e+22
      200.000      1500.00   9.4251291e+38   2.1407967e+19
      200.000      2000.00   9.0872804e+38   1.6320585e+16
      200.000      2500.00   8.6687448e+38   1.2304960e+13
      200.000      3000.00   8.1931887e+38   9.1976927e+09
      200.000      3500.00   7.6495870e+38       6783703.4
      200.000      4000.00   7.0194125e+38       4920.1354
      200.000      5000.00   5.9513879e+38    0.0026078191
      200.000      5500.00   5.5163143e+38   1.9104536e-06
      200.000      6000.00   5.0448978e+38   1.3813150e-09
      200.000      7000.00   4.2464980e+38   7.2655633e-16
      200.000      8000.00   3.5846548e+38   3.8279267e-22
      200.000      10000.0   2.6486191e+38   1.0814598e-34
      300.000      0.00000   2.4605461e+39   3.7905838e+28
      300.000      50.0000   2.0564625e+39   2.4501387e+28
      300.000      100.000   1.5809964e+39   1.2000974e+28
      300.000      150.000   1.3057878e+39   5.8140706e+27
      300.000      200.000   1.1536412e+39   2.7897510e+27
      300.000      300.000   1.0364357e+39   6.5213304e+26
      300.000      400.000   9.9948445e+38   1.5378747e+26
      300.000      600.000   9.7730290e+38   8.6910802e+24
      300.000      800.000   9.7113445e+38   4.9624082e+23
      300.000      1000.00   9.6652238e+38   2.8364285e+22
      300.000      1500.00   9.4123116e+38   2.1838624e+19
      300.000      2000.00   9.0941813e+38   1.6683807e+16
      300.000      2500.00   8.6529741e+38   1.2545146e+13
      300.000      3000.00   8.1829306e+38   9.3798946e+09
      300.000      3500.00   7.6133102e+38       6900055.8
      300.000      4000.00   7.0071857e+38       5016.7218
      300.000      5000.00   5.9340132e+38    0.0026552451
      300.000      5500.00   5.5067877e+38   1.9478420e-06
      300.000      6000.00   5.0406598e+38   1.4091603e-09
      300.000      7000.00   4.2572433e+38   7.4359423e-16
      300.000      8000.00   3.5911992e+38   3.9158777e-22
      300.000      10000.0   2.6650219e+38   1.1109599e-34
      400.000      0.00000   2.4865936e+39   3.9073945e+28
      400.000      50.0000   2.0828851e+39   2.5336259e+28
      400.000      100.000   1.5974613e+39   1.2378185e+28
      400.000      150.000   1.3144834e+39   5.9739658e+27
      400.000      200.000   1.1563426e+39   2.8535197e+27
      400.000      300.000   1.0389598e+39   6.6748592e+26
      400.000      400.000   1.0011403e+39   1.5733079e+26
      400.000      600.000   9.7978767e+38   8.8941819e+24
      400.000      800.000   9.7174580e+38   5.0688489e+23
      400.000      1000.00   9.6744976e+38   2.8978533e+22
      400.000      1500.00   9.3955565e+38   2.2249967e+19
      400.000      2000.00   9.0874773e+38   1.7020215e+16
      400.000      2500.00   8.6490365e+38   1.2797166e+13
      400.000      3000.00   8.1750453e+38   9.5642724e+09
      400.000      3500.00   7.5922136e+38       7025475.0
      400.000      4000.00   7.0022534e+38       5119.4403
      400.000      5000.00   5.9227147e+38    0.0027053340
      400.000      5500.00   5.4826716e+38   1.9800849e-06
      400.000      6000.00   5.0339557e+38   1.4371236e-09
      400.000      7000.00   4.2855599e+38   7.6422144e-16
      400.000      8000.00   3.5971532e+38   4.0042037e-22
      400.000      10000.0   2.6840669e+38   1.1423924e-34
      600.000      0.00000   2.5407797e+39   4.1475046e+28
      600.000      50.0000   2.1372680e+39   2.7076794e+28
      600.000      100.000   1.6321258e+39   1.3173029e+28
      600.000      150.000   1.3323482e+39   6.3034983e+27
      600.000      200.000   1.1661428e+39   2.9959655e+27
      600.000      300.000   1.0390386e+39   6.9465769e+26
      600.000      400.000   1.0002533e+39   1.6351451e+26
      600.000      600.000   9.8114816e+38   9.2763253e+24
      600.000      800.000   9.7383579e+38   5.2878809e+23
      600.000      1000.00   9.6786423e+38   3.0174866e+22
      600.000      1500.00   9.4002918e+38   2.3174384e+19
      600.000      2000.00   9.0983259e+38   1.7735821e+16
      600.000      2500.00   8.6328719e+38   1.3299423e+13
      600.000      3000.00   8.1407372e+38   9.9135064e+09
      600.000      3500.00   7.5512015e+38       7270987.4
      600.000      4000.00   6.9917984e+38       5320.1050
      600.000      5000.00   5.8976889e+38    0.0028038145
      600.000      5500.00   5.4338489e+38   2.0419675e-06
      600.000      6000.00   4.9911615e+38   1.4829725e-09
      600.000      7000.00   4.2818651e+38   7.9486542e-16
      600.000      8000.00   3.6444942e+38   4.2222241e-22
      600.000      10000.0   2.7078815e+38   1.1993222e-34
      800.000      0.00000   2.5911402e+39   4.3860956e+28
      800.000      50.0000   2.1916510e+39   2.8870961e+28
      800.000      100.000   1.6658244e+39   1.3986607e+28
      800.000      150.000   1.3448891e+39   6.6125434e+27
      800.000      200.000   1.1733598e+39   3.1322979e+27
      800.000      300.000   1.0378750e+39   7.2119842e+26
      800.000      400.000   9.9707844e+38   1.6941224e+26
      800.000      600.000   9.8002392e+38   9.6225756e+24
      800.000      800.000   9.7647804e+38   5.5088257e+23
      800.000      1000.00   9.6995420e+38   3.1425018e+22
      800.000      1500.00   9.4172539e+38   2.4133121e+19
      800.000      2000.00   9.0971447e+38   1.8420861e+16
      800.000      2500.00   8.6431301e+38   1.3835397e+13
      800.000      3000.00   8.0877053e+38   1.0230018e+10
      800.000      3500.00   7.5044697e+38       7504666.6
      800.000      4000.00   6.9525582e+38       5496.2223
      800.000      5000.00   5.8829959e+38    0.0029068896
      800.000      5500.00   5.4185653e+38   2.1160554e-06
      800.000      6000.00   4.9906829e+38   1.5408691e-09
      800.000      7000.00   4.2883248e+38   8.2694866e-16
      800.000      8000.00   3.6634626e+38   4.4111030e-22
      800.000      10000.0   2.7255091e+38   1.2537299e-34
      1000.00      0.00000   2.6415006e+39   4.6294779e+28
      1000.00      50.0000   2.2456401e+39   3.0712856e+28
      1000.00      100.000   1.6987542e+39   1.4818132e+28
      1000.00      150.000   1.3549453e+39   6.9173877e+27
      1000.00      200.000   1.1789987e+39   3.2673081e+27
      1000.00      300.000   1.0344245e+39   7.4560981e+26
      1000.00      400.000   9.9613240e+38   1.7565316e+26
      1000.00      600.000   9.7724383e+38   9.9633132e+24
      1000.00      800.000   9.7965290e+38   5.7350965e+23
      1000.00      1000.00   9.7543663e+38   3.2808692e+22
      1000.00      1500.00   9.4710938e+38   2.5174088e+19
      1000.00      2000.00   9.0796021e+38   1.9078897e+16
      1000.00      2500.00   8.5942327e+38   1.4278499e+13
      1000.00      3000.00   8.0398025e+38   1.0561719e+10
      1000.00      3500.00   7.5068424e+38       7792973.2
      1000.00      4000.00   6.9318554e+38       5689.7143
      1000.00      5000.00   5.8810458e+38    0.0030156656
      1000.00      5500.00   5.4151707e+38   2.1950331e-06
      1000.00      6000.00   4.9905233e+38   1.5986878e-09
      1000.00      7000.00   4.2827171e+38   8.5704037e-16
      1000.00      8000.00   3.6658999e+38   4.5800377e-22
      1000.00      10000.0   2.7243652e+38   1.3000533e-34
      1500.00      0.00000   2.7634964e+39   5.2493400e+28
      1500.00      50.0000   2.3714429e+39   3.5432826e+28
      1500.00      100.000   1.7807036e+39   1.6995231e+28
      1500.00      150.000   1.3894325e+39   7.7508813e+27
      1500.00      200.000   1.1838884e+39   3.5807695e+27
      1500.00      300.000   1.0574163e+39   8.3142422e+26
      1500.00      400.000   1.0290819e+39   1.9795862e+26
      1500.00      600.000   1.0159711e+39   1.1300225e+25
      1500.00      800.000   1.0081271e+39   6.4414567e+23
      1500.00      1000.00   9.9245483e+38   3.6416631e+22
      1500.00      1500.00   9.5344143e+38   2.7651614e+19
      1500.00      2000.00   9.0904712e+38   2.0832755e+16
      1500.00      2500.00   8.5743377e+38   1.5533074e+13
      1500.00      3000.00   7.9716007e+38   1.1424877e+10
      1500.00      3500.00   7.4370452e+38       8421447.1
      1500.00      4000.00   6.8496343e+38       6131.7193
      1500.00      5000.00   5.7937517e+38    0.0032406533
      1500.00      5500.00   5.3386966e+38   2.3605823e-06
      1500.00      6000.00   4.9151558e+38   1.7181333e-09
      1500.00      7000.00   4.2434107e+38   9.2667163e-16
      1500.00      8000.00   3.6465361e+38   4.9690176e-22
      1500.00      10000.0   2.6853063e+38   1.3953661e-34
      2000.00      0.00000   2.8747470e+39   5.8720432e+28
      2000.00      50.0000   2.4882536e+39   4.0348198e+28
      2000.00      100.000   1.8448661e+39   1.9141762e+28
      2000.00      150.000   1.4145329e+39   8.5616928e+27
      2000.00      200.000   1.2117710e+39   3.9749616e+27
      2000.00      300.000   1.0797968e+39   9.1992027e+26
      2000.00      400.000   1.0448173e+39   2.1775588e+26
      2000.00      600.000   1.0300310e+39   1.2409788e+25
      2000.00      800.000   1.0197033e+39   7.0604107e+23
      2000.00      1000.00   1.0051760e+39   3.9944782e+22
      2000.00      1500.00   9.5756641e+38   3.0080296e+19
      2000.00      2000.00   9.0662448e+38   2.2519200e+16
      2000.00      2500.00   8.4785319e+38   1.6643723e+13
      2000.00      3000.00   7.8720339e+38   1.2212498e+10
      2000.00      3500.00   7.3055330e+38       8960995.8
      2000.00      4000.00   6.7175314e+38       6515.2071
      2000.00      5000.00   5.7027254e+38    0.0034559361
      2000.00      5500.00   5.2561462e+38   2.5179470e-06
      2000.00      6000.00   4.8447475e+38   1.8342819e-09
      2000.00      7000.00   4.1846014e+38   9.8957808e-16
      2000.00      8000.00   3.6228222e+38   5.3465871e-22
      2000.00      10000.0   2.6669523e+38   1.4969893e-34
      3000.00      0.00000   3.0606711e+39   7.1019319e+28
      3000.00      50.0000   2.6950774e+39   5.0542933e+28
      3000.00      100.000   1.9566887e+39   2.3608945e+28
      3000.00      150.000   1.4756811e+39   1.0359819e+28
      3000.00      200.000   1.2717348e+39   4.8220228e+27
      3000.00      300.000   1.1164734e+39   1.0980170e+27
      3000.00      400.000   1.0764467e+39   2.5897349e+26
      3000.00      600.000   1.0543864e+39   1.4656942e+25
      3000.00      800.000   1.0394673e+39   8.2987806e+23
      3000.00      1000.00   1.0179416e+39   4.6690084e+22
      3000.00      1500.00   9.5521100e+38   3.4630220e+19
      3000.00      2000.00   8.9042469e+38   2.5526231e+16
      3000.00      2500.00   8.2758748e+38   1.8743570e+13
      3000.00      3000.00   7.6295461e+38   1.3663376e+10
      3000.00      3500.00   7.0080240e+38       9916300.3
      3000.00      4000.00   6.4935503e+38       7262.4266
      3000.00      5000.00   5.5057371e+38    0.0038496344
      3000.00      5500.00   5.0652612e+38   2.7993339e-06
      3000.00      6000.00   4.6931213e+38   2.0503946e-09
      3000.00      7000.00   4.0238627e+38   1.0978079e-15
      3000.00      8000.00   3.5117872e+38   5.9736472e-22
      3000.00      10000.0   2.6604163e+38   1.7077969e-34
      4000.00      0.00000   3.1956627e+39   8.2672831e+28
      4000.00      50.0000   2.8547757e+39   6.0722104e+28
      4000.00      100.000   2.0337059e+39   2.8061311e+28
      4000.00      150.000   1.5583807e+39   1.2471856e+28
      4000.00      200.000   1.3229252e+39   5.7051555e+27
      4000.00      300.000   1.1395087e+39   1.2713264e+27
      4000.00      400.000   1.0904548e+39   2.9724707e+26
      4000.00      600.000   1.0575164e+39   1.6655833e+25
      4000.00      800.000   1.0333525e+39   9.3491541e+23
      4000.00      1000.00   1.0025405e+39   5.2106431e+22
      4000.00      1500.00   9.2785763e+38   3.8117824e+19
      4000.00      2000.00   8.5742732e+38   2.7837549e+16
      4000.00      2500.00   7.9158940e+38   2.0321182e+13
      4000.00      3000.00   7.2533599e+38   1.4715158e+10
      4000.00      3500.00   6.6702907e+38       10701453.
      4000.00      4000.00   6.1393605e+38       7784.0899
      4000.00      5000.00   5.2246065e+38    0.0041399217
      4000.00      5500.00   4.8484237e+38   3.0367182e-06
      4000.00      6000.00   4.5026861e+38   2.2288030e-09
      4000.00      7000.00   3.8876033e+38   1.2013948e-15
      4000.00      8000.00   3.3987732e+38   6.5353059e-22
      4000.00      10000.0   2.6406421e+38   1.8904578e-34
      4500.00      0.00000   3.2222362e+39   8.7541631e+28
      4500.00      50.0000   2.8888036e+39   6.5055511e+28
      4500.00      100.000   2.0365386e+39   2.9894311e+28
      4500.00      150.000   1.5690428e+39   1.3344318e+28
      4500.00      200.000   1.3188786e+39   6.0351343e+27
      4500.00      300.000   1.1222135e+39   1.3264602e+27
      4500.00      400.000   1.0685465e+39   3.0854135e+26
      4500.00      600.000   1.0324333e+39   1.7212413e+25
      4500.00      800.000   1.0056448e+39   9.6336657e+23
      4500.00      1000.00   9.7297702e+38   5.3555245e+22
      4500.00      1500.00   8.9797503e+38   3.9053445e+19
      4500.00      2000.00   8.2602265e+38   2.8409909e+16
      4500.00      2500.00   7.6349535e+38   2.0748291e+13
      4500.00      3000.00   7.0214934e+38   1.5090512e+10
      4500.00      3500.00   6.4731156e+38       10994930.
      4500.00      4000.00   5.9671552e+38       8010.1215
      4500.00      5000.00   5.0790105e+38    0.0042610569
      4500.00      5500.00   4.7009897e+38   3.1170467e-06
      4500.00      6000.00   4.3805866e+38   2.2958748e-09
      4500.00      7000.00   3.8246969e+38   1.2504196e-15
      4500.00      8000.00   3.3227216e+38   6.7530379e-22
      4500.00      10000.0   2.6129719e+38   1.9570323e-34
      5000.00      0.00000   2.7598068e+39   6.6878773e+28
      5000.00      50.0000   2.5141637e+39   5.0991007e+28
      5000.00      100.000   1.8682901e+39   2.4919605e+28
      5000.00      150.000   1.4283292e+39   1.1057167e+28
      5000.00      200.000   1.2144316e+39   5.0564015e+27
      5000.00      300.000   1.0438785e+39   1.1218500e+27
      5000.00      400.000   9.9876216e+38   2.6200155e+26
      5000.00      600.000   9.6971902e+38   1.4688260e+25
      5000.00      800.000   9.4838608e+38   8.2549209e+23
      5000.00      1000.00   9.2064337e+38   4.6030199e+22
      5000.00      1500.00   8.5523757e+38   3.3795383e+19
      5000.00      2000.00   7.8945259e+38   2.4660114e+16
      5000.00      2500.00   7.2932824e+38   1.8010961e+13
      5000.00      3000.00   6.7342325e+38   1.3138349e+10
      5000.00      3500.00   6.2047092e+38       9571995.2
      5000.00      4000.00   5.7145569e+38       6971.3096
      5000.00      5000.00   4.9017510e+38    0.0037344682
      5000.00      5500.00   4.5522064e+38   2.7415310e-06
      5000.00      6000.00   4.2452676e+38   2.0195858e-09
      5000.00      7000.00   3.6982373e+38   1.0967614e-15
      5000.00      8000.00   3.2331210e+38   5.9473587e-22
      5000.00      10000.0   2.5426319e+38   1.7027395e-34
      6000.00      0.00000   2.0519522e+39   3.9679660e+28
      6000.00      50.0000   1.8987978e+39   3.1246091e+28
      6000.00      100.000   1.5184157e+39   1.6706438e+28
      6000.00      150.000   1.1888540e+39   7.6238269e+27
      6000.00      200.000   1.0003783e+39   3.4505224e+27
      6000.00      300.000   8.7159795e+38   7.7427388e+26
      6000.00      400.000   8.3645391e+38   1.8114096e+26
      6000.00      600.000   8.1647334e+38   1.0201725e+25
      6000.00      800.000   8.0191714e+38   5.7561412e+23
      6000.00      1000.00   7.8578386e+38   3.2409320e+22
      6000.00      1500.00   7.4399072e+38   2.4258681e+19
      6000.00      2000.00   6.9099444e+38   1.7799332e+16
      6000.00      2500.00   6.4628441e+38   1.3165491e+13
      6000.00      3000.00   6.0309341e+38   9.7123637e+09
      6000.00      3500.00   5.6080739e+38       7138029.4
      6000.00      4000.00   5.2173951e+38       5248.3560
      6000.00      5000.00   4.5220838e+38    0.0028407550
      6000.00      5500.00   4.2059934e+38   2.0872696e-06
      6000.00      6000.00   3.9249527e+38   1.5377974e-09
      6000.00      7000.00   3.4625147e+38   8.4345806e-16
      6000.00      8000.00   3.0647668e+38   4.5988754e-22
      6000.00      10000.0   2.4527360e+38   1.2942952e-34
      8000.00      0.00000   1.2003779e+39   1.5009088e+28
      8000.00      50.0000   1.1103799e+39   1.2055217e+28
      8000.00      100.000   9.5723002e+38   7.1299334e+27
      8000.00      150.000   8.2208684e+38   3.6080111e+27
      8000.00      200.000   7.3346313e+38   1.7332797e+27
      8000.00      300.000   6.4767660e+38   3.9331294e+26
      8000.00      400.000   6.2221950e+38   9.1879869e+25
      8000.00      600.000   5.9974827e+38   5.0996372e+24
      8000.00      800.000   5.7930795e+38   2.8282904e+23
      8000.00      1000.00   5.6198361e+38   1.5756755e+22
      8000.00      1500.00   5.2318147e+38   1.1592837e+19
      8000.00      2000.00   4.8291974e+38   8.4583187e+15
      8000.00      2500.00   4.5722884e+38   6.3257210e+12
      8000.00      3000.00   4.3594851e+38   4.7644650e+09
      8000.00      3500.00   4.1394823e+38       3572554.0
      8000.00      4000.00   3.9541827e+38       2693.5237
      8000.00      5000.00   3.5503553e+38    0.0015032627
      8000.00      5500.00   3.3497567e+38   1.1161714e-06
      8000.00      6000.00   3.1778922e+38   8.3131671e-10
      8000.00      7000.00   2.8836015e+38   4.6042726e-16
      8000.00      8000.00   2.6265955e+38   2.5025731e-22
      8000.00      10000.0   2.1813004e+38   6.4598909e-35
      10000.0      0.00000   6.7740667e+38   5.4525497e+27
      10000.0      50.0000   6.5672717e+38   4.6367038e+27
      10000.0      100.000   5.7982141e+38   2.8560537e+27
      10000.0      150.000   5.1476279e+38   1.5088060e+27
      10000.0      200.000   4.6947404e+38   7.4475040e+26
      10000.0      300.000   4.2227167e+38   1.7246056e+26
      10000.0      400.000   4.0245905e+38   3.9917915e+25
      10000.0      600.000   3.7985955e+38   2.1606685e+24
      10000.0      800.000   3.6586495e+38   1.1918322e+23
      10000.0      1000.00   3.5282002e+38   6.5918905e+21
      10000.0      1500.00   3.2905354e+38   4.8467551e+18
      10000.0      2000.00   3.1173590e+38   3.6198853e+15
      10000.0      2500.00   2.9769753e+38   2.7217513e+12
      10000.0      3000.00   2.8824482e+38   2.0725449e+09
      10000.0      3500.00   2.8080375e+38       1584789.3
      10000.0      4000.00   2.7469926e+38       1214.4015
      10000.0      5000.00   2.5932644e+38   0.00069691985
      10000.0      5500.00   2.4960969e+38   5.1966668e-07
      10000.0      6000.00   2.3966807e+38   3.8429604e-10
      10000.0      7000.00   2.2361970e+38   2.0788802e-16
      10000.0      8000.00   2.0567105e+38   1.0623150e-22
      10000.0      10000.0   1.8291339e+38   2.3931517e-35
      12000.0      0.00000   3.4231606e+38   1.5801841e+27
      12000.0      50.0000   3.3413039e+38   1.3591934e+27
      12000.0      100.000   3.1049229e+38   8.8859307e+26
      12000.0      150.000   2.8405864e+38   4.8766954e+26
      12000.0      200.000   2.6227290e+38   2.4503615e+26
      12000.0      300.000   2.3496524e+38   5.6832921e+25
      12000.0      400.000   2.2130746e+38   1.3022483e+25
      12000.0      600.000   2.0622093e+38   6.9506874e+23
      12000.0      800.000   1.9965083e+38   3.8396561e+22
      12000.0      1000.00   1.9644150e+38   2.1576844e+21
      12000.0      1500.00   1.8832626e+38   1.6152915e+18
      12000.0      2000.00   1.8024069e+38   1.2058352e+15
      12000.0      2500.00   1.7882407e+38   9.3132296e+11
      12000.0      3000.00   1.8111605e+38   7.3115793e+08
      12000.0      3500.00   1.8110084e+38       563807.46
      12000.0      4000.00   1.7975134e+38       429.16438
      12000.0      5000.00   1.7923605e+38   0.00024629427
      12000.0      5500.00   1.7791785e+38   1.8315003e-07
      12000.0      6000.00   1.7576540e+38   1.3416255e-10
      12000.0      7000.00   1.6384064e+38   6.6178397e-17
      12000.0      8000.00   1.5439652e+38   3.1058575e-23
      12000.0      10000.0   1.4435209e+38   5.6446546e-36
      15000.0      0.00000   6.9053890e+37   6.3790461e+25
      15000.0      50.0000   6.7967242e+37   5.5437926e+25
      15000.0      100.000   6.5738063e+37   3.7932410e+25
      15000.0      150.000   6.3225330e+37   2.2040174e+25
      15000.0      200.000   6.1403435e+37   1.1714152e+25
      15000.0      300.000   5.8951248e+37   2.9424097e+24
      15000.0      400.000   5.7784459e+37   7.0823294e+23
      15000.0      600.000   5.5050636e+37   3.9287339e+22
      15000.0      800.000   5.4695175e+37   2.2609424e+21
      15000.0      1000.00   5.7659959e+37   1.3821050e+20
      15000.0      1500.00   6.2413943e+37   1.2251579e+17
      15000.0      2000.00   6.8892212e+37   1.1365505e+14
      15000.0      2500.00   7.3010953e+37   1.0558161e+11
      15000.0      3000.00   7.8569763e+37   1.0541422e+08
      15000.0      3500.00   8.4897699e+37       112711.63
      15000.0      4000.00   9.0588459e+37       126.61045
      15000.0      5000.00   9.7229856e+37   0.00017170089
      15000.0      5500.00   9.9371940e+37   2.0373940e-07
      15000.0      6000.00   1.0110173e+38   2.4158589e-10
      15000.0      7000.00   1.0124491e+38   3.2096783e-16
      15000.0      8000.00   9.8814873e+37   3.9023434e-22
      15000.0      10000.0   9.1691390e+37   4.2627533e-34
      18000.0      0.00000   1.1919382e+37   4.3483138e+23
      18000.0      50.0000   1.2113926e+37   3.9019780e+23
      18000.0      100.000   1.2761078e+37   2.9127306e+23
      18000.0      150.000   1.3837927e+37   1.9102975e+23
      18000.0      200.000   1.5174915e+37   1.1499967e+23
      18000.0      300.000   1.7220848e+37   3.4464594e+22
      18000.0      400.000   1.8932401e+37   9.4202066e+21
      18000.0      600.000   1.7341657e+37   5.2560091e+20
      18000.0      800.000   1.6661908e+37   3.1933600e+19
      18000.0      1000.00   1.8095922e+37   2.3565563e+18
      18000.0      1500.00   2.0556295e+37   5.0457793e+15
      18000.0      2000.00   2.3726955e+37   1.8496358e+13
      18000.0      2500.00   2.5315388e+37   7.4766846e+10
      18000.0      3000.00   3.0436000e+37   3.4906813e+08
      18000.0      3500.00   3.8061488e+37       1677511.3
      18000.0      4000.00   4.3631993e+37       7264.3134
      18000.0      5000.00   5.3802131e+37      0.12059370
      18000.0      5500.00   5.6556510e+37   0.00045072569
      18000.0      6000.00   5.9102013e+37   1.6385791e-06
      18000.0      7000.00   6.1201956e+37   1.9167397e-11
      18000.0      8000.00   6.2717862e+37   2.0108923e-16
      18000.0      10000.0   5.9446822e+37   1.4393356e-26
      24000.0      0.00000   4.4584983e+36   5.3415000e+17
      24000.0      50.0000   4.9510346e+36   5.2371227e+17
      24000.0      100.000   5.4910401e+36   4.1104128e+17
      24000.0      150.000   6.0767200e+36   2.7471126e+17
      24000.0      200.000   6.8101267e+36   1.6905134e+17
      24000.0      300.000   8.6990766e+36   5.7148187e+16
      24000.0      400.000   9.1885458e+36   1.5239677e+16
      24000.0      600.000   7.8829932e+36   8.9027389e+14
      24000.0      800.000   8.6289797e+36   8.7094099e+13
      24000.0      1000.00   1.0578377e+37   1.4002736e+13
      24000.0      1500.00   1.2986209e+37   2.5295369e+11
      24000.0      2000.00   9.4990011e+36   3.2909057e+09
      24000.0      2500.00   7.5491621e+36       45684471.
      24000.0      3000.00   1.7595759e+36       180991.49
      24000.0      3500.00   2.7407249e+36       4658.8318
      24000.0      4000.00   5.9562107e+36       162.60857
      24000.0      5000.00   1.4695864e+37     0.094821293
      24000.0      5500.00   1.9355926e+37    0.0018379778
      24000.0      6000.00   2.3889608e+37   3.2383813e-05
      24000.0      7000.00   2.9453194e+37   7.4216247e-09
      24000.0      8000.00   3.1492262e+37   1.3018816e-12
      24000.0      10000.0   2.9961757e+37   2.2450314e-20
