face-on central tau B
      3.78000
sfr
      1.00000
old
     0.350000
bd
     0.450000
      tau1
      3.17000
   hd [pc]
      5200.00
   zd [pc]
      140.000
 hdin [pc]
      4500.00
 zdin [pc]
      140.000
   hdsolar [pc]
      8000.00
   zdsolar [pc]
      140.000
      tau2
     0.610000
  hd1 [pc]
      3200.00
  zd1 [pc]
      50.0000
hd1in [pc]
      4500.00
zd1in [pc]
      67.0000
  hd1solar [pc]
      8000.00
  zd1solar [pc]
      90.0000
   hs [pc]
      3200.00
   zs [pc]
      140.000
 hsin [pc]
      4500.00
 zsin [pc]
      170.000
   hssolar [pc]
      8000.00
   zssolar [pc]
      300.000
 rtruncate [pc]
      14000.0
  hs1 [pc]
      3200.00
  zs1 [pc]
      50.0000
hs1in [pc]
      4500.00
zs1in [pc]
      67.0000
  hs1solar [pc]
      8000.00
  zs1solar [pc]
      90.0000
rtruncate1 [pc]
      14000.0
   ifinns2
           3
   ifinns1
           3
   ifinnd1
           3
   ifinnd2
           3
    idisk1
           3
    idisk2
           3
nposition in r
          23
nposition in z
          22
          
    r(pc)      z(pc)   urad(erg/pc3/A)        eabs(erg/s/pc3/A)
      0.00000      0.00000   1.9639536e+39   1.6554921e+29
      0.00000      50.0000   1.4850613e+39   9.6654466e+28
      0.00000      100.000   9.0247337e+38   3.7401738e+28
      0.00000      150.000   6.2267734e+38   1.5145386e+28
      0.00000      200.000   4.9810508e+38   6.5801018e+27
      0.00000      300.000   4.0586272e+38   1.3952503e+27
      0.00000      400.000   3.7658384e+38   3.1673179e+26
      0.00000      600.000   3.5479718e+38   1.7240349e+25
      0.00000      800.000   3.4502644e+38   9.6334585e+23
      0.00000      1000.00   3.3732952e+38   5.4082411e+22
      0.00000      1500.00   3.2168180e+38   4.0784807e+19
      0.00000      2000.00   3.1626552e+38   3.1683647e+16
      0.00000      2500.00   3.1206244e+38   2.4724676e+13
      0.00000      3000.00   3.0619600e+38   1.9173442e+10
      0.00000      3500.00   3.0031869e+38       14861258.
      0.00000      4000.00   2.8981619e+38       11344.274
      0.00000      5000.00   2.6361540e+38    0.0064440676
      0.00000      5500.00   2.5141127e+38   4.8570670e-06
      0.00000      6000.00   2.4021526e+38   3.6694394e-09
      0.00000      7000.00   2.1367462e+38   2.0397691e-15
      0.00000      8000.00   1.8882646e+38   1.1250900e-21
      0.00000      10000.0   1.4607274e+38   3.3275306e-34
      50.0000      0.00000   1.9685801e+39   1.6775161e+29
      50.0000      50.0000   1.4871942e+39   9.7865256e+28
      50.0000      100.000   9.0196138e+38   3.7789323e+28
      50.0000      150.000   6.2189641e+38   1.5292913e+28
      50.0000      200.000   4.9751903e+38   6.6450060e+27
      50.0000      300.000   4.0557724e+38   1.4095830e+27
      50.0000      400.000   3.7643285e+38   3.2020138e+26
      50.0000      600.000   3.5476698e+38   1.7428432e+25
      50.0000      800.000   3.4489055e+38   9.7358988e+23
      50.0000      1000.00   3.3752440e+38   5.4726783e+22
      50.0000      1500.00   3.2187668e+38   4.1247466e+19
      50.0000      2000.00   3.1625042e+38   3.2054624e+16
      50.0000      2500.00   3.1215163e+38   2.5008171e+13
      50.0000      3000.00   3.0631539e+38   1.9393872e+10
      50.0000      3500.00   3.0054377e+38       15037852.
      50.0000      4000.00   2.8956091e+38       11452.095
      50.0000      5000.00   2.6370599e+38    0.0065209527
      50.0000      5500.00   2.5147167e+38   4.9127749e-06
      50.0000      6000.00   2.4000528e+38   3.7069760e-09
      50.0000      7000.00   2.1368713e+38   2.0622910e-15
      50.0000      8000.00   1.8890785e+38   1.1381214e-21
      50.0000      10000.0   1.4615743e+38   3.3677710e-34
      100.000      0.00000   1.9760615e+39   1.7020339e+29
      100.000      50.0000   1.4914008e+39   9.9220437e+28
      100.000      100.000   9.0232239e+38   3.8234003e+28
      100.000      150.000   6.2111548e+38   1.5438340e+28
      100.000      200.000   4.9642243e+38   6.7047906e+27
      100.000      300.000   4.0476612e+38   1.4224129e+27
      100.000      400.000   3.7550093e+38   3.2269515e+26
      100.000      600.000   3.5407665e+38   1.7591907e+25
      100.000      800.000   3.4465037e+38   9.8356500e+23
      100.000      1000.00   3.3722383e+38   5.5299101e+22
      100.000      1500.00   3.2189178e+38   4.1711635e+19
      100.000      2000.00   3.1567807e+38   3.2327879e+16
      100.000      2500.00   3.1260179e+38   2.5314243e+13
      100.000      3000.00   3.0601622e+38   1.9593374e+10
      100.000      3500.00   3.0073865e+38       15216547.
      100.000      4000.00   2.8898996e+38       11556.305
      100.000      5000.00   2.6396127e+38    0.0065966299
      100.000      5500.00   2.5156226e+38   4.9693888e-06
      100.000      6000.00   2.3978020e+38   3.7443617e-09
      100.000      7000.00   2.1368453e+38   2.0851740e-15
      100.000      8000.00   1.8900434e+38   1.1512585e-21
      100.000      10000.0   1.4618503e+38   3.4056095e-34
      150.000      0.00000   1.9839628e+39   1.7271227e+29
      150.000      50.0000   1.4963883e+39   1.0063861e+29
      150.000      100.000   9.0310325e+38   3.8702701e+28
      150.000      150.000   6.2018357e+38   1.5585867e+28
      150.000      200.000   4.9510075e+38   6.7597857e+27
      150.000      300.000   4.0347463e+38   1.4332609e+27
      150.000      400.000   3.7458412e+38   3.2539891e+26
      150.000      600.000   3.5421113e+38   1.7786880e+25
      150.000      800.000   3.4444039e+38   9.9369110e+23
      150.000      1000.00   3.3719363e+38   5.5878969e+22
      150.000      1500.00   3.2213195e+38   4.2180332e+19
      150.000      2000.00   3.1584416e+38   3.2716974e+16
      150.000      2500.00   3.1225592e+38   2.5558431e+13
      150.000      3000.00   3.0628660e+38   1.9824374e+10
      150.000      3500.00   3.0120390e+38       15405149.
      150.000      4000.00   2.8822413e+38       11654.806
      150.000      5000.00   2.6388577e+38    0.0066674894
      150.000      5500.00   2.5126309e+38   5.0201563e-06
      150.000      6000.00   2.3933265e+38   3.7784395e-09
      150.000      7000.00   2.1378102e+38   2.1086868e-15
      150.000      8000.00   1.8919993e+38   1.1649363e-21
      150.000      10000.0   1.4636881e+38   3.4464538e-34
      200.000      0.00000   1.9922250e+39   1.7524214e+29
      200.000      50.0000   1.5013759e+39   1.0207778e+29
      200.000      100.000   9.0424521e+38   3.9153421e+28
      200.000      150.000   6.1940263e+38   1.5733394e+28
      200.000      200.000   4.9347849e+38   6.8096613e+27
      200.000      300.000   4.0183728e+38   1.4423961e+27
      200.000      400.000   3.7372769e+38   3.2816306e+26
      200.000      600.000   3.5373078e+38   1.7958754e+25
      200.000      800.000   3.4375005e+38   1.0024063e+24
      200.000      1000.00   3.3713323e+38   5.6473796e+22
      200.000      1500.00   3.2184648e+38   4.2611424e+19
      200.000      2000.00   3.1575356e+38   3.3036896e+16
      200.000      2500.00   3.1170007e+38   2.5790610e+13
      200.000      3000.00   3.0637579e+38   2.0040274e+10
      200.000      3500.00   3.0084294e+38       15551686.
      200.000      4000.00   2.8739791e+38       11746.088
      200.000      5000.00   2.6277407e+38    0.0067140151
      200.000      5500.00   2.5177364e+38   5.0826166e-06
      200.000      6000.00   2.3899338e+38   3.8131214e-09
      200.000      7000.00   2.1398250e+38   2.1334006e-15
      200.000      8000.00   1.8945261e+38   1.1789450e-21
      200.000      10000.0   1.4657360e+38   3.4871472e-34
      300.000      0.00000   2.0082376e+39   1.8030779e+29
      300.000      50.0000   1.5121319e+39   1.0500732e+29
      300.000      100.000   9.0694896e+38   4.0123894e+28
      300.000      150.000   6.1742081e+38   1.6015259e+28
      300.000      200.000   4.9027928e+38   6.9103324e+27
      300.000      300.000   3.9857767e+38   1.4615064e+27
      300.000      400.000   3.7175956e+38   3.3342100e+26
      300.000      600.000   3.5300884e+38   1.8296134e+25
      300.000      800.000   3.4287853e+38   1.0210047e+24
      300.000      1000.00   3.3686286e+38   5.7630513e+22
      300.000      1500.00   3.2211686e+38   4.3566798e+19
      300.000      2000.00   3.1530341e+38   3.3694857e+16
      300.000      2500.00   3.1191005e+38   2.6349930e+13
      300.000      3000.00   3.0685615e+38   2.0494723e+10
      300.000      3500.00   2.9917398e+38       15800263.
      300.000      4000.00   2.8763809e+38       12001.364
      300.000      5000.00   2.6290856e+38    0.0068549933
      300.000      5500.00   2.5187934e+38   5.1922347e-06
      300.000      6000.00   2.3888178e+38   3.8928331e-09
      300.000      7000.00   2.1404360e+38   2.1794684e-15
      300.000      8000.00   1.8997306e+38   1.2074728e-21
      300.000      10000.0   1.4776149e+38   3.5904658e-34
      400.000      0.00000   2.0234103e+39   1.8532555e+29
      400.000      50.0000   1.5226779e+39   1.0795785e+29
      400.000      100.000   9.0917376e+38   4.1055391e+28
      400.000      150.000   6.1597694e+38   1.6316281e+28
      400.000      200.000   4.8724335e+38   7.0091635e+27
      400.000      300.000   3.9467163e+38   1.4774009e+27
      400.000      400.000   3.6925209e+38   3.3810937e+26
      400.000      600.000   3.5066745e+38   1.8552541e+25
      400.000      800.000   3.4173663e+38   1.0390911e+24
      400.000      1000.00   3.3659248e+38   5.8769251e+22
      400.000      1500.00   3.2268780e+38   4.4558269e+19
      400.000      2000.00   3.1567807e+38   3.4435300e+16
      400.000      2500.00   3.1231491e+38   2.6952425e+13
      400.000      3000.00   3.0670516e+38   2.0912485e+10
      400.000      3500.00   2.9845205e+38       16082838.
      400.000      4000.00   2.8786316e+38       12267.140
      400.000      5000.00   2.6328322e+38    0.0070072255
      400.000      5500.00   2.5103801e+38   5.2865081e-06
      400.000      6000.00   2.3910426e+38   3.9776644e-09
      400.000      7000.00   2.1405680e+38   2.2248473e-15
      400.000      8000.00   1.9036423e+38   1.2351593e-21
      400.000      10000.0   1.4916857e+38   3.6994940e-34
      600.000      0.00000   2.0511107e+39   1.9517466e+29
      600.000      50.0000   1.5430811e+39   1.1394032e+29
      600.000      100.000   9.1401029e+38   4.3000867e+28
      600.000      150.000   6.1303300e+38   1.6909409e+28
      600.000      200.000   4.8168484e+38   7.2122753e+27
      600.000      300.000   3.8840628e+38   1.5130027e+27
      600.000      400.000   3.6280697e+38   3.4581579e+26
      600.000      600.000   3.4696998e+38   1.9107991e+25
      600.000      800.000   3.4014317e+38   1.0765237e+24
      600.000      1000.00   3.3521040e+38   6.0939946e+22
      600.000      1500.00   3.2273170e+38   4.6368277e+19
      600.000      2000.00   3.1599234e+38   3.5892169e+16
      600.000      2500.00   3.1154767e+38   2.7970654e+13
      600.000      3000.00   3.0700433e+38   2.1788566e+10
      600.000      3500.00   2.9747483e+38       16683163.
      600.000      4000.00   2.8804295e+38       12772.575
      600.000      5000.00   2.6368949e+38    0.0073067913
      600.000      5500.00   2.5091582e+38   5.4957650e-06
      600.000      6000.00   2.3863711e+38   4.1321754e-09
      600.000      7000.00   2.1485493e+38   2.3244054e-15
      600.000      8000.00   1.9281412e+38   1.3020103e-21
      600.000      10000.0   1.5039327e+38   3.8814955e-34
      800.000      0.00000   2.0763175e+39   2.0485839e+29
      800.000      50.0000   1.5643833e+39   1.2009077e+29
      800.000      100.000   9.1971978e+38   4.5007968e+28
      800.000      150.000   6.1071901e+38   1.7509425e+28
      800.000      200.000   4.7409923e+38   7.3778506e+27
      800.000      300.000   3.8082066e+38   1.5423312e+27
      800.000      400.000   3.5558092e+38   3.5223071e+26
      800.000      600.000   3.4226790e+38   1.9589029e+25
      800.000      800.000   3.3796507e+38   1.1115876e+24
      800.000      1000.00   3.3483433e+38   6.3244320e+22
      800.000      1500.00   3.2305966e+38   4.8238119e+19
      800.000      2000.00   3.1719323e+38   3.7440719e+16
      800.000      2500.00   3.1295854e+38   2.9200653e+13
      800.000      3000.00   3.0679154e+38   2.2625200e+10
      800.000      3500.00   2.9765462e+38       17346293.
      800.000      4000.00   2.8663208e+38       13206.286
      800.000      5000.00   2.6411085e+38    0.0076050123
      800.000      5500.00   2.5181754e+38   5.7309077e-06
      800.000      6000.00   2.4045495e+38   4.3261718e-09
      800.000      7000.00   2.1692496e+38   2.4388480e-15
      800.000      8000.00   1.9338387e+38   1.3570292e-21
      800.000      10000.0   1.5158376e+38   4.0637710e-34
      1000.00      0.00000   2.0985185e+39   2.1438595e+29
      1000.00      50.0000   1.5828306e+39   1.2618413e+29
      1000.00      100.000   9.2464839e+38   4.6998600e+28
      1000.00      150.000   6.0732492e+38   1.8074925e+28
      1000.00      200.000   4.6855442e+38   7.5686235e+27
      1000.00      300.000   3.7354791e+38   1.5694277e+27
      1000.00      400.000   3.4906030e+38   3.5881032e+26
      1000.00      600.000   3.3845244e+38   2.0107933e+25
      1000.00      800.000   3.3736393e+38   1.1513370e+24
      1000.00      1000.00   3.3490983e+38   6.5626927e+22
      1000.00      1500.00   3.2456112e+38   5.0276507e+19
      1000.00      2000.00   3.1743201e+38   3.8866022e+16
      1000.00      2500.00   3.1313692e+38   3.0308912e+13
      1000.00      3000.00   3.0689443e+38   2.3482572e+10
      1000.00      3500.00   2.9801418e+38       18034621.
      1000.00      4000.00   2.8768058e+38       13755.156
      1000.00      5000.00   2.6474219e+38    0.0079101367
      1000.00      5500.00   2.5285374e+38   5.9727888e-06
      1000.00      6000.00   2.4036246e+38   4.4886291e-09
      1000.00      7000.00   2.1607653e+38   2.5205036e-15
      1000.00      8000.00   1.9303420e+38   1.4057089e-21
      1000.00      10000.0   1.5106070e+38   4.2015504e-34
      1500.00      0.00000   2.1427105e+39   2.3722960e+29
      1500.00      50.0000   1.6266356e+39   1.4166394e+29
      1500.00      100.000   9.3711724e+38   5.2124502e+28
      1500.00      150.000   6.0129976e+38   1.9555572e+28
      1500.00      200.000   4.5464446e+38   8.0178333e+27
      1500.00      300.000   3.6280697e+38   1.6628134e+27
      1500.00      400.000   3.4748334e+38   3.8951798e+26
      1500.00      600.000   3.4676000e+38   2.2467442e+25
      1500.00      800.000   3.4433470e+38   1.2819453e+24
      1500.00      1000.00   3.3968600e+38   7.2627200e+22
      1500.00      1500.00   3.2780142e+38   5.5407184e+19
      1500.00      2000.00   3.2061050e+38   4.2859191e+16
      1500.00      2500.00   3.1479886e+38   3.3249127e+13
      1500.00      3000.00   3.0726348e+38   2.5656345e+10
      1500.00      3500.00   2.9874420e+38       19717658.
      1500.00      4000.00   2.8700113e+38       14973.975
      1500.00      5000.00   2.6358239e+38    0.0085952902
      1500.00      5500.00   2.5037647e+38   6.4533941e-06
      1500.00      6000.00   2.3798357e+38   4.8472915e-09
      1500.00      7000.00   2.1368136e+38   2.7183836e-15
      1500.00      8000.00   1.9165514e+38   1.5222703e-21
      1500.00      10000.0   1.5005660e+38   4.5440570e-34
      2000.00      0.00000   2.1726288e+39   2.5868788e+29
      2000.00      50.0000   1.6650922e+39   1.5735704e+29
      2000.00      100.000   9.5223092e+38   5.7564426e+28
      2000.00      150.000   5.9844641e+38   2.1121012e+28
      2000.00      200.000   4.4310609e+38   8.4724227e+27
      2000.00      300.000   3.4775372e+38   1.7266607e+27
      2000.00      400.000   3.3328511e+38   4.0497469e+26
      2000.00      600.000   3.3443930e+38   2.3481351e+25
      2000.00      800.000   3.3459837e+38   1.3494803e+24
      2000.00      1000.00   3.3220186e+38   7.6970910e+22
      2000.00      1500.00   3.2500146e+38   5.9506994e+19
      2000.00      2000.00   3.1828949e+38   4.6060441e+16
      2000.00      2500.00   3.1288271e+38   3.5783356e+13
      2000.00      3000.00   3.0565071e+38   2.7639675e+10
      2000.00      3500.00   2.9788076e+38       21295684.
      2000.00      4000.00   2.8591261e+38       16165.216
      2000.00      5000.00   2.6107211e+38    0.0092189035
      2000.00      5500.00   2.4825996e+38   6.9310745e-06
      2000.00      6000.00   2.3520312e+38   5.1909532e-09
      2000.00      7000.00   2.1129208e+38   2.9135599e-15
      2000.00      8000.00   1.9018528e+38   1.6358640e-21
      2000.00      10000.0   1.4847634e+38   4.8581952e-34
      3000.00      0.00000   2.1954788e+39   2.9682687e+29
      3000.00      50.0000   1.7396625e+39   1.9013121e+29
      3000.00      100.000   9.8753777e+38   6.9458393e+28
      3000.00      150.000   6.0197920e+38   2.4627209e+28
      3000.00      200.000   4.3020215e+38   9.5075402e+27
      3000.00      300.000   3.2566929e+38   1.8667321e+27
      3000.00      400.000   3.1091660e+38   4.3580314e+26
      3000.00      600.000   3.1487604e+38   2.5505558e+25
      3000.00      800.000   3.1694003e+38   1.4745870e+24
      3000.00      1000.00   3.1545614e+38   8.4310946e+22
      3000.00      1500.00   3.1194058e+38   6.5904369e+19
      3000.00      2000.00   3.1031765e+38   5.1826752e+16
      3000.00      2500.00   3.0835306e+38   4.0722774e+13
      3000.00      3000.00   3.0014806e+38   3.1319738e+10
      3000.00      3500.00   2.9200485e+38       24088338.
      3000.00      4000.00   2.8043347e+38       18287.562
      3000.00      5000.00   2.5427691e+38     0.010365648
      3000.00      5500.00   2.4087631e+38   7.7601139e-06
      3000.00      6000.00   2.2770480e+38   5.7978629e-09
      3000.00      7000.00   2.0417291e+38   3.2473513e-15
      3000.00      8000.00   1.8375925e+38   1.8218300e-21
      3000.00      10000.0   1.4626234e+38   5.4727912e-34
      4000.00      0.00000   2.1783693e+39   3.2843344e+29
      4000.00      50.0000   1.7768782e+39   2.2030851e+29
      4000.00      100.000   1.0318548e+39   8.3000282e+28
      4000.00      150.000   6.2250037e+38   2.9033785e+28
      4000.00      200.000   4.3257653e+38   1.0871049e+28
      4000.00      300.000   3.1329100e+38   2.0366179e+27
      4000.00      400.000   2.9620501e+38   4.7065001e+26
      4000.00      600.000   3.0294757e+38   2.7802630e+25
      4000.00      800.000   3.0566188e+38   1.6115714e+24
      4000.00      1000.00   3.0543225e+38   9.2538383e+22
      4000.00      1500.00   3.0434165e+38   7.2897806e+19
      4000.00      2000.00   3.0401162e+38   5.7524209e+16
      4000.00      2500.00   2.9803001e+38   4.4591892e+13
      4000.00      3000.00   2.8992261e+38   3.4289521e+10
      4000.00      3500.00   2.8055393e+38       26238678.
      4000.00      4000.00   2.6847480e+38       19845.097
      4000.00      5000.00   2.4458855e+38     0.011296073
      4000.00      5500.00   2.3169422e+38   8.4585724e-06
      4000.00      6000.00   2.1902567e+38   6.3195130e-09
      4000.00      7000.00   1.9485766e+38   3.5086925e-15
      4000.00      8000.00   1.7714046e+38   1.9857150e-21
      4000.00      10000.0   1.4355500e+38   5.9894654e-34
      4500.00      0.00000   2.1499187e+39   3.4040266e+29
      4500.00      50.0000   1.7786550e+39   2.3347743e+29
      4500.00      100.000   1.0525389e+39   9.0032649e+28
      4500.00      150.000   6.3501421e+38   3.1472785e+28
      4500.00      200.000   4.3664553e+38   1.1646978e+28
      4500.00      300.000   3.1017362e+38   2.1372056e+27
      4500.00      400.000   2.9222701e+38   4.9184681e+26
      4500.00      600.000   2.9978877e+38   2.9146751e+25
      4500.00      800.000   3.0232189e+38   1.6887010e+24
      4500.00      1000.00   3.0182189e+38   9.6798671e+22
      4500.00      1500.00   3.0325387e+38   7.6886384e+19
      4500.00      2000.00   3.0063195e+38   6.0252518e+16
      4500.00      2500.00   2.9136895e+38   4.6172189e+13
      4500.00      3000.00   2.8217057e+38   3.5333630e+10
      4500.00      3500.00   2.7277870e+38       26985126.
      4500.00      4000.00   2.6052120e+38       20394.305
      4500.00      5000.00   2.3790044e+38     0.011632301
      4500.00      5500.00   2.2488672e+38   8.6908673e-06
      4500.00      6000.00   2.1287122e+38   6.5002611e-09
      4500.00      7000.00   1.9040565e+38   3.6278475e-15
      4500.00      8000.00   1.7164635e+38   2.0326987e-21
      4500.00      10000.0   1.4062686e+38   6.1384847e-34
      5000.00      0.00000   1.8136682e+39   2.5608388e+29
      5000.00      50.0000   1.5352254e+39   1.8151191e+29
      5000.00      100.000   9.5363792e+38   7.4132127e+28
      5000.00      150.000   6.0332323e+38   2.7238501e+28
      5000.00      200.000   4.2901406e+38   1.0410290e+28
      5000.00      300.000   3.1097571e+38   1.9474881e+27
      5000.00      400.000   2.9302663e+38   4.4803202e+26
      5000.00      600.000   2.9699694e+38   2.6218870e+25
      5000.00      800.000   2.9949179e+38   1.5192165e+24
      5000.00      1000.00   2.9940507e+38   8.7223873e+22
      5000.00      1500.00   2.9965019e+38   6.8980536e+19
      5000.00      2000.00   2.9414226e+38   5.3530243e+16
      5000.00      2500.00   2.8288936e+38   4.0706176e+13
      5000.00      3000.00   2.7316953e+38   3.1079111e+10
      5000.00      3500.00   2.6309154e+38       23663965.
      5000.00      4000.00   2.5196364e+38       17906.469
      5000.00      5000.00   2.2983335e+38     0.010206659
      5000.00      5500.00   2.1690243e+38   7.6118820e-06
      5000.00      6000.00   2.0593893e+38   5.7121683e-09
      5000.00      7000.00   1.8484055e+38   3.1955657e-15
      5000.00      8000.00   1.6677889e+38   1.7881799e-21
      5000.00      10000.0   1.3791391e+38   5.3836514e-34
      6000.00      0.00000   1.3360599e+39   1.5060670e+29
      6000.00      50.0000   1.1747294e+39   1.1268655e+29
      6000.00      100.000   7.9725156e+38   5.1146385e+28
      6000.00      150.000   5.4653794e+38   2.0431159e+28
      6000.00      200.000   4.1028461e+38   8.2456166e+27
      6000.00      300.000   3.0912468e+38   1.6000764e+27
      6000.00      400.000   2.9079846e+38   3.6696898e+26
      6000.00      600.000   2.9246321e+38   2.1310217e+25
      6000.00      800.000   2.9451771e+38   1.2328230e+24
      6000.00      1000.00   2.9367639e+38   7.0611699e+22
      6000.00      1500.00   2.8711889e+38   5.4567590e+19
      6000.00      2000.00   2.7612442e+38   4.1476442e+16
      6000.00      2500.00   2.6383845e+38   3.1317504e+13
      6000.00      3000.00   2.5296056e+38   2.3735039e+10
      6000.00      3500.00   2.4196187e+38       17954408.
      6000.00      4000.00   2.3104318e+38       13546.712
      6000.00      5000.00   2.1178525e+38    0.0077537912
      6000.00      5500.00   2.0109872e+38   5.8161196e-06
      6000.00      6000.00   1.9121083e+38   4.3679299e-09
      6000.00      7000.00   1.7233487e+38   2.4473865e-15
      6000.00      8000.00   1.5555590e+38   1.3605358e-21
      6000.00      10000.0   1.3171697e+38   4.0504279e-34
      8000.00      0.00000   7.9644401e+38   5.8019756e+28
      8000.00      50.0000   7.3912320e+38   4.6773583e+28
      8000.00      100.000   5.8550747e+38   2.5426897e+28
      8000.00      150.000   4.4208241e+38   1.1303897e+28
      8000.00      200.000   3.5925920e+38   4.9500578e+27
      8000.00      300.000   2.8994094e+38   1.0267907e+27
      8000.00      400.000   2.7326200e+38   2.3539661e+26
      8000.00      600.000   2.6936146e+38   1.3349036e+25
      8000.00      800.000   2.6497442e+38   7.5394296e+23
      8000.00      1000.00   2.6019459e+38   4.2525756e+22
      8000.00      1500.00   2.4697747e+38   3.1882562e+19
      8000.00      2000.00   2.3069682e+38   2.3552627e+16
      8000.00      2500.00   2.1675756e+38   1.7480109e+13
      8000.00      3000.00   2.0612130e+38   1.3130587e+10
      8000.00      3500.00   1.9576070e+38       9847529.6
      8000.00      4000.00   1.8601725e+38       7385.1696
      8000.00      5000.00   1.7056701e+38    0.0042105266
      8000.00      5500.00   1.6430468e+38   3.1912196e-06
      8000.00      6000.00   1.5810000e+38   2.4115395e-09
      8000.00      7000.00   1.4461009e+38   1.3457549e-15
      8000.00      8000.00   1.3192011e+38   7.3243263e-22
      8000.00      10000.0   1.1396834e+38   1.9675299e-34
      10000.0      0.00000   4.8998820e+38   2.2997300e+28
      10000.0      50.0000   4.6882558e+38   1.9300919e+28
      10000.0      100.000   4.0449780e+38   1.1612387e+28
      10000.0      150.000   3.3848414e+38   5.7838208e+27
      10000.0      200.000   2.8771589e+38   2.6592635e+27
      10000.0      300.000   2.4122426e+38   5.7407366e+26
      10000.0      400.000   2.2676431e+38   1.3112497e+26
      10000.0      600.000   2.1790123e+38   7.2259058e+24
      10000.0      800.000   2.1133025e+38   4.0135198e+23
      10000.0      1000.00   2.0512020e+38   2.2328642e+22
      10000.0      1500.00   1.8918107e+38   1.6241963e+19
      10000.0      2000.00   1.7536667e+38   1.1868868e+16
      10000.0      2500.00   1.6325434e+38   8.7002073e+12
      10000.0      3000.00   1.5497599e+38   6.4957114e+09
      10000.0      3500.00   1.4789932e+38       4865368.1
      10000.0      4000.00   1.4170623e+38       3651.2390
      10000.0      5000.00   1.3142730e+38    0.0020586481
      10000.0      5500.00   1.2757865e+38   1.5482883e-06
      10000.0      6000.00   1.2370255e+38   1.1562125e-09
      10000.0      7000.00   1.1659176e+38   6.3172617e-16
      10000.0      8000.00   1.0767327e+38   3.2409128e-22
      10000.0      10000.0   9.4055725e+37   7.1731903e-35
      12000.0      0.00000   2.8128104e+38   7.5674500e+27
      12000.0      50.0000   2.7349636e+38   6.4860653e+27
      12000.0      100.000   2.4888154e+38   4.1529343e+27
      12000.0      150.000   2.2111415e+38   2.2111446e+27
      12000.0      200.000   1.9867270e+38   1.0818331e+27
      12000.0      300.000   1.7232017e+38   2.4283499e+26
      12000.0      400.000   1.6035005e+38   5.4994009e+25
      12000.0      600.000   1.4923688e+38   2.9316264e+24
      12000.0      800.000   1.4235791e+38   1.5959877e+23
      12000.0      1000.00   1.3742950e+38   8.7979413e+21
      12000.0      1500.00   1.2652338e+38   6.3240615e+18
      12000.0      2000.00   1.1795715e+38   4.6022684e+15
      12000.0      2500.00   1.0955011e+38   3.3246018e+12
      12000.0      3000.00   1.0531619e+38   2.4770337e+09
      12000.0      3500.00   1.0268325e+38       1863272.5
      12000.0      4000.00   1.0041620e+38       1397.2730
      12000.0      5000.00   9.5723840e+37   0.00076683185
      12000.0      5500.00   9.3445510e+37   5.6067005e-07
      12000.0      6000.00   9.1667036e+37   4.0770076e-10
      12000.0      7000.00   8.8331362e+37   2.0797389e-16
      12000.0      8000.00   8.4870192e+37   9.9506349e-23
      12000.0      10000.0   7.5439926e+37   1.7194235e-35
      15000.0      0.00000   6.7968945e+37   3.6588967e+26
      15000.0      50.0000   6.6582742e+37   3.1653056e+26
      15000.0      100.000   6.3601020e+37   2.1403381e+26
      15000.0      150.000   6.0032078e+37   1.2193358e+26
      15000.0      200.000   5.6673765e+37   6.3017529e+25
      15000.0      300.000   5.1770128e+37   1.5064607e+25
      15000.0      400.000   4.8803570e+37   3.4883705e+24
      15000.0      600.000   4.6002630e+37   1.9133737e+23
      15000.0      800.000   4.4013752e+37   1.0602550e+22
      15000.0      1000.00   4.4020332e+37   6.1480361e+20
      15000.0      1500.00   4.5731925e+37   5.2304291e+17
      15000.0      2000.00   4.8284385e+37   4.6431348e+14
      15000.0      2500.00   4.8722135e+37   4.1062551e+11
      15000.0      3000.00   4.9009950e+37   3.8326228e+08
      15000.0      3500.00   4.9241081e+37       381091.85
      15000.0      4000.00   4.9421233e+37       402.55926
      15000.0      5000.00   5.1567846e+37   0.00053083005
      15000.0      5500.00   5.3179638e+37   6.3542836e-07
      15000.0      6000.00   5.3991152e+37   7.5188567e-10
      15000.0      7000.00   5.4187684e+37   1.0013792e-15
      15000.0      8000.00   5.4364481e+37   1.2513071e-21
      15000.0      10000.0   5.1506496e+37   1.3954764e-33
      18000.0      0.00000   7.7507144e+36   1.6476044e+24
      18000.0      50.0000   7.8347699e+36   1.4713824e+24
      18000.0      100.000   7.9230056e+36   1.0540203e+24
      18000.0      150.000   8.0975097e+36   6.5158167e+23
      18000.0      200.000   8.3943446e+36   3.7098124e+23
      18000.0      300.000   9.0739641e+36   1.0583139e+23
      18000.0      400.000   9.2168885e+36   2.6743083e+22
      18000.0      600.000   9.2962639e+36   1.6419326e+21
      18000.0      800.000   8.2956000e+36   9.2659458e+19
      18000.0      1000.00   8.8089550e+36   6.6840831e+18
      18000.0      1500.00   1.2216351e+37   1.7480601e+16
      18000.0      2000.00   1.5685040e+37   7.1259213e+13
      18000.0      2500.00   1.8463625e+37   3.1775089e+11
      18000.0      3000.00   1.9552893e+37   1.3069660e+09
      18000.0      3500.00   2.1617385e+37       5551230.0
      18000.0      4000.00   2.3237284e+37       22556.892
      18000.0      5000.00   2.5148131e+37      0.32836306
      18000.0      5500.00   2.6443281e+37    0.0012281369
      18000.0      6000.00   2.7786488e+37   4.4896822e-06
      18000.0      7000.00   3.0010015e+37   5.4785423e-11
      18000.0      8000.00   3.2112805e+37   6.0035428e-16
      18000.0      10000.0   3.3540566e+37   4.7326382e-26
      24000.0      0.00000   2.4009137e+36   1.6772784e+18
      24000.0      50.0000   2.4134356e+36   1.4873402e+18
      24000.0      100.000   2.4659955e+36   1.0762998e+18
      24000.0      150.000   2.7182543e+36   7.1653521e+17
      24000.0      200.000   3.1576107e+36   4.5672950e+17
      24000.0      300.000   3.9570689e+36   1.5157902e+17
      24000.0      400.000   4.3585838e+36   4.2134376e+16
      24000.0      600.000   4.4734488e+36   2.9430062e+15
      24000.0      800.000   3.9686805e+36   2.3348885e+14
      24000.0      1000.00   3.8620730e+36   2.9790130e+13
      24000.0      1500.00   3.4581445e+36   3.9270222e+11
      24000.0      2000.00   2.5630214e+36   5.1763917e+09
      24000.0      2500.00   3.2758014e+36   1.1558055e+08
      24000.0      3000.00   2.0832755e+36       1249251.2
      24000.0      3500.00   3.0770744e+36       30497.689
      24000.0      4000.00   5.4585935e+36       868.37454
      24000.0      5000.00   9.0651892e+36      0.34091859
      24000.0      5500.00   1.0079769e+37    0.0055775762
      24000.0      6000.00   1.0630225e+37   8.3982089e-05
      24000.0      7000.00   1.0381735e+37   1.5251460e-08
      24000.0      8000.00   1.1263682e+37   2.7137395e-12
      24000.0      10000.0   1.3809173e+37   6.0318932e-20
